code_insee,nom,parti,nb_voix,percent_inscrits,percents_exprimes
82001,"M. Gilles MARTY",INDIVIDU,224,46.56,64.18
82001,"Mme Marie-France GARDELLE",INDIVIDU,223,46.36,63.89
82001,"M. Marc BOURDONCLE",INDIVIDU,221,45.94,63.32
82001,"M. Jean-Marc SANGOÏ",INDIVIDU,218,45.32,62.46
82001,"Mme Nathalie MIQUEL",INDIVIDU,217,45.11,62.17
82001,"M. Jean COUDERC",INDIVIDU,216,44.90,61.89
82001,"Mme Myriam CHIKHI",INDIVIDU,213,44.28,61.03
82001,"M. Gilbert LANIÉS",INDIVIDU,212,44.07,60.74
82001,"M. Vincent FAVOLE",INDIVIDU,208,43.24,59.59
82001,"Mme Rose PRADEL",INDIVIDU,208,43.24,59.59
82001,"M. Gérard ROUTIER",INDIVIDU,208,43.24,59.59
82001,"Mme Nadine MONTILLA",INDIVIDU,207,43.03,59.31
82001,"M. Jean-Jacques DELCASSE",INDIVIDU,207,43.03,59.31
82001,"M. Francis MASSIMINO",INDIVIDU,204,42.41,58.45
82001,"M. Pascal MARTY",INDIVIDU,200,41.58,57.30
82001,"M. David DOMY",INDIVIDU,150,31.18,42.97
82001,"M. Laurent GOUBIER",INDIVIDU,138,28.69,39.54
82001,"M. Serge MESPOULES",INDIVIDU,135,28.06,38.68
82001,"Mme Muriel MANERA",INDIVIDU,135,28.06,38.68
82001,"Mme Celine HAAS",INDIVIDU,133,27.65,38.10
82001,"M. Benjamin SANGOI",INDIVIDU,132,27.44,37.82
82001,"M. Philippe CAMPANERUT",INDIVIDU,131,27.23,37.53
82001,"M. Franck BERTHOZ",INDIVIDU,130,27.02,37.24
82001,"Mme Marie-Louise ROMANZIN-BUSCATO",INDIVIDU,129,26.81,36.96
82001,"Mme Bénédicte CAUSSADE",INDIVIDU,127,26.40,36.38
82001,"Mme Laure BULKO",INDIVIDU,127,26.40,36.38
82001,"Mme Valerie CATALAN",INDIVIDU,124,25.77,35.53
82001,"M. Christian BUSCATO",INDIVIDU,124,25.77,35.53
82001,"M. Joël ROLLET",INDIVIDU,123,25.57,35.24
82001,"M. José VIGIER",INDIVIDU,115,23.90,32.95
82002,"M. Christian TEYSSIERES",LUMP,729,32.01,46.58
82002,"Mme Véronique MAGNANI",LDVD,836,36.71,53.41
82003,"M. Jerome COURRECH",INDIVIDU,118,68.60,80.82
82003,"M. Franck THESMAR",INDIVIDU,113,65.69,77.39
82003,"Mme Anne-Marie BAYROU",INDIVIDU,110,63.95,75.34
82003,"M. Jean-Luc CRUBILE",INDIVIDU,105,61.04,71.91
82003,"M. Eric COUDERC",INDIVIDU,105,61.04,71.91
82003,"Mme Christine BRUXELLES",INDIVIDU,105,61.04,71.91
82003,"Mme Aude FLOURON",INDIVIDU,103,59.88,70.54
82003,"M. Jacques JAUBERT",INDIVIDU,102,59.30,69.86
82003,"M. Jean-Marc LABORIE",INDIVIDU,102,59.30,69.86
82003,"Mme Geneviève MAYNARD",INDIVIDU,99,57.55,67.80
82003,"Mme Solange MORO",INDIVIDU,95,55.23,65.06
82003,"M. André DUMAS",INDIVIDU,47,27.32,32.19
82003,"Mme Aurélie FOUQUES",INDIVIDU,44,25.58,30.13
82003,"Mme Magali BALLART",INDIVIDU,42,24.41,28.76
82003,"M. Jacques LEGRAND",INDIVIDU,41,23.83,28.08
82003,"Mme Christelle BECARY",INDIVIDU,40,23.25,27.39
82003,"M. Alain EVREMOND",INDIVIDU,40,23.25,27.39
82003,"M. Pascal ETHÈVE",INDIVIDU,38,22.09,26.02
82003,"M. Antoine WACKER",INDIVIDU,33,19.18,22.60
82004,"Mme Isabelle MAILLARD",INDIVIDU,85,70.24,96.59
82004,"M. Benoit MIRAMANDE",INDIVIDU,79,65.28,89.77
82004,"M. Pascal DESQUINES",INDIVIDU,77,63.63,87.50
82004,"M. Joël CASTAGNÉ",INDIVIDU,77,63.63,87.50
82004,"M. Max DUTAU",INDIVIDU,75,61.98,85.22
82004,"M. Frédéric MINELLI",INDIVIDU,75,61.98,85.22
82004,"Mme Laurence HERREMANS",INDIVIDU,74,61.15,84.09
82004,"M. Alain FALGAYRAS",INDIVIDU,73,60.33,82.95
82004,"M. Régis DABASSE",INDIVIDU,73,60.33,82.95
82004,"M. Patrice IGNACE",INDIVIDU,71,58.67,80.68
82004,"Mme Pierrette HOZJAN",INDIVIDU,69,57.02,78.40
82005,"M. Henri-Bernard PECH",LDVD,470,56.55,100.00
82006,"M. Jacques BIASOTTO",INDIVIDU,43,70.49,100.00
82006,"M. Jean-Luc BIASOTTO",INDIVIDU,40,65.57,93.02
82006,"M. Hervé RAYNAUD TOUGE",INDIVIDU,38,62.29,88.37
82006,"M. Olivier HAMON",INDIVIDU,37,60.65,86.04
82006,"M. Sébastien SAUCEDE",INDIVIDU,36,59.01,83.72
82006,"Mme Myriam DELPONT",INDIVIDU,36,59.01,83.72
82006,"M. Maurice DIRAT",INDIVIDU,32,52.45,74.41
82006,"Mme Muriel CRINON",INDIVIDU,25,40.98,58.13
82007,"M. Jean-Michel MOURGUES",INDIVIDU,82,78.09,91.11
82007,"M. Thierry ANGE",INDIVIDU,80,76.19,88.88
82007,"Mme Marie ASTOUL",INDIVIDU,79,75.23,87.77
82007,"M. Frédéric MOZAC",INDIVIDU,79,75.23,87.77
82007,"Mme Françoise VIGUIE",INDIVIDU,77,73.33,85.55
82007,"M. Michel LEPAULARD",INDIVIDU,70,66.66,77.77
82007,"M. Gérard CRAIS",INDIVIDU,68,64.76,75.55
82007,"M. Christian CROS",INDIVIDU,68,64.76,75.55
82007,"M. Michel RATIE",INDIVIDU,68,64.76,75.55
82007,"M. Jean-Claude SABATIE",INDIVIDU,67,63.80,74.44
82007,"M. Claude BALDY",INDIVIDU,60,57.14,66.66
82008,"M. Jean-Michel MONESTES",INDIVIDU,322,47.70,59.96
82008,"M. Alain ARNOSTI",INDIVIDU,306,45.33,56.98
82008,"M. Vincent MADAULE",INDIVIDU,298,44.14,55.49
82008,"M. Philippe SAINT-MARTIN",INDIVIDU,291,43.11,54.18
82008,"M. Thierry DUSSAC",INDIVIDU,288,42.66,53.63
82008,"Mme Christine CAGNATI",INDIVIDU,275,40.74,51.21
82008,"Mme Marie-Hélène BRETTES",INDIVIDU,268,39.70,49.90
82008,"M. Arnaud BROUGNON",INDIVIDU,265,39.25,49.34
82008,"M. Laurent COSTARRAMOUNE",INDIVIDU,262,38.81,48.78
82008,"M. Francis SOHIER",INDIVIDU,254,37.62,47.29
82008,"M. Olivier RENAUD",INDIVIDU,250,37.03,46.55
82008,"Mme Isabelle GELDHOF",INDIVIDU,249,36.88,46.36
82008,"M. Gilles COMPAGNAT",INDIVIDU,241,35.70,44.87
82008,"Mme Mélanie DIAL",INDIVIDU,239,35.40,44.50
82008,"Mme Marie-Thérèse CAGNATI RIVIERE",INDIVIDU,231,34.22,43.01
82008,"M. Michel DELRIEU",INDIVIDU,213,31.55,39.66
82008,"M. Jean-Pierre ROUX",INDIVIDU,209,30.96,38.91
82008,"M. Jacques TOURNE",INDIVIDU,207,30.66,38.54
82008,"M. Daniel NOYRIGAT",INDIVIDU,203,30.07,37.80
82008,"M. Fabien BERGES",INDIVIDU,187,27.70,34.82
82008,"M. Michel CARPUAT",INDIVIDU,186,27.55,34.63
82008,"M. René BARBERA",INDIVIDU,175,25.92,32.58
82008,"M. Mathieu FRAYSSINHES",INDIVIDU,175,25.92,32.58
82008,"M. Francis BOTZ",INDIVIDU,174,25.77,32.40
82008,"M. Alain LAJUST",INDIVIDU,173,25.62,32.21
82008,"M. Jean SAUCE",INDIVIDU,170,25.18,31.65
82008,"Mme Francine CELLARIO",INDIVIDU,169,25.03,31.47
82008,"Mme Myriam BONNET",INDIVIDU,165,24.44,30.72
82008,"Mme Sylvie LUCIEN",INDIVIDU,163,24.14,30.35
82008,"Mme Martine RUSYN",INDIVIDU,158,23.40,29.42
82008,"M. Bernard BOREAN",INDIVIDU,148,21.92,27.56
82008,"M. José VARGAS",INDIVIDU,147,21.77,27.37
82008,"M. Christophe GARDNER",INDIVIDU,44,6.51,8.19
82009,"Mme Georgette BAYROU",INDIVIDU,22,75.86,100.00
82009,"Mme Aurélie GAUSSENS",INDIVIDU,22,75.86,100.00
82009,"M. Alain GAUSSENS",INDIVIDU,22,75.86,100.00
82009,"Mme Marjolaine DUPONT",INDIVIDU,22,75.86,100.00
82009,"M. Fabien SALVADORI",INDIVIDU,22,75.86,100.00
82009,"M. Georges DUPONT",INDIVIDU,22,75.86,100.00
82009,"Mme Marine SALVADORI",INDIVIDU,21,72.41,95.45
82009,"Mme Jeanne GAUSSENS",INDIVIDU,0,0.00,0.00
82010,"M. Henri MARTIN",INDIVIDU,127,69.78,80.37
82010,"M. Jean-François MOUSSERON",INDIVIDU,126,69.23,79.74
82010,"Mme Dominique JOLLET-PERALDI",INDIVIDU,125,68.68,79.11
82010,"M. Guy ARBIA",INDIVIDU,123,67.58,77.84
82010,"M. Arnaud GROS",INDIVIDU,115,63.18,72.78
82010,"M. Cyril SIMON",INDIVIDU,112,61.53,70.88
82010,"Mme Antoinette WIJNKER",INDIVIDU,112,61.53,70.88
82010,"Mme Sandrine GOGIOSO",INDIVIDU,105,57.69,66.45
82010,"M. Yannick CHELY",INDIVIDU,103,56.59,65.18
82010,"M. Gilbert ABARNOU",INDIVIDU,99,54.39,62.65
82010,"M. Francis DUPOND",INDIVIDU,88,48.35,55.69
82010,"Mme Muriel PICARD",INDIVIDU,80,43.95,50.63
82010,"M. Christian MORINI",INDIVIDU,75,41.20,47.46
82010,"M. Nicolas ESTELLE",INDIVIDU,71,39.01,44.93
82010,"M. Benjamin MOELAERT",INDIVIDU,64,35.16,40.50
82011,"Mme Céline DALLA RIVA",INDIVIDU,372,59.80,83.78
82011,"Mme Christelle DEGRAEVE",INDIVIDU,371,59.64,83.55
82011,"M. Jean-Marc MELLANO",INDIVIDU,371,59.64,83.55
82011,"M. Serge LAMARQUE",INDIVIDU,368,59.16,82.88
82011,"M. Christophe BOSQUE",INDIVIDU,363,58.36,81.75
82011,"Mme Ingrid FASAN",INDIVIDU,361,58.03,81.30
82011,"M. Patrick MARTY",INDIVIDU,360,57.87,81.08
82011,"M. Laurent CASTEL",INDIVIDU,358,57.55,80.63
82011,"M. Laurent DEVIERS",INDIVIDU,353,56.75,79.50
82011,"Mme Sylvie DANIEL",INDIVIDU,352,56.59,79.27
82011,"M. Christian BOZOULS",INDIVIDU,345,55.46,77.70
82011,"M. Guy PORTAL",INDIVIDU,341,54.82,76.80
82011,"M. Vincent ESQUIE",INDIVIDU,340,54.66,76.57
82011,"M. Sylvain ABADIE",INDIVIDU,331,53.21,74.54
82011,"M. Didier MARTY",INDIVIDU,319,51.28,71.84
82011,"Mme Karinne GARRIDO",INDIVIDU,119,19.13,26.80
82012,"M. Yves PLANTADE",INDIVIDU,240,65.93,96.38
82012,"Mme Valerie TUYERES",INDIVIDU,232,63.73,93.17
82012,"Mme Josiane LABRUYERE",INDIVIDU,228,62.63,91.56
82012,"Mme Fabienne LEMOUZY",INDIVIDU,225,61.81,90.36
82012,"Mme Marie-Claire QUEBRE",INDIVIDU,222,60.98,89.15
82012,"Mme Francine DOSSUN",INDIVIDU,221,60.71,88.75
82012,"M. Jean-Marc MIRAMONT",INDIVIDU,219,60.16,87.95
82012,"M. Jean CANE",INDIVIDU,216,59.34,86.74
82012,"Mme Anne PENCHE",INDIVIDU,208,57.14,83.53
82012,"M. André MAGNAC",INDIVIDU,203,55.76,81.52
82012,"M. Stephan SOBOL",INDIVIDU,192,52.74,77.10
82013,"M. Jean-Luc DEPRINCE",LDVG,1126,43.60,59.98
82013,"M. Alain BERGAMASCO",LDVD,751,29.08,40.01
82014,"Mme Mélika AKRED",INDIVIDU,116,50.65,66.28
82014,"M. Bastien MICHEL",INDIVIDU,115,50.21,65.71
82014,"M. Yannick SEGARD",INDIVIDU,113,49.34,64.57
82014,"M. Eric TRASTET",INDIVIDU,111,48.47,63.42
82014,"Mme Marie CLUZET",INDIVIDU,110,48.03,62.85
82014,"M. Marc BADER",INDIVIDU,106,46.28,60.57
82014,"M. Antonin CHEMITLIN",INDIVIDU,104,45.41,59.42
82014,"M. Denis REY",INDIVIDU,99,43.23,56.57
82014,"Mme Lucette VINCENT",INDIVIDU,96,41.92,54.85
82014,"Mme Gisèle CAYROU-VRECH",INDIVIDU,96,41.92,54.85
82014,"M. Michel THÉDIÉ-MAILLOL",INDIVIDU,87,37.99,49.71
82014,"Mme Elisabeth NOBILI",INDIVIDU,79,34.49,45.14
82014,"Mme Ghislaine MANIVET",INDIVIDU,74,32.31,42.28
82014,"M. Gerard MANASSERO",INDIVIDU,68,29.69,38.85
82014,"M. Gerard MISRAI",INDIVIDU,68,29.69,38.85
82014,"Mme Gisele LACOME",INDIVIDU,65,28.38,37.14
82014,"Mme Martine POLONIO",INDIVIDU,63,27.51,36.00
82014,"Mme Sandrine BONNARD",INDIVIDU,59,25.76,33.71
82014,"M. Eric FROMENTIN",INDIVIDU,58,25.32,33.14
82014,"M. Francis MONPEURT",INDIVIDU,58,25.32,33.14
82014,"M. Bernard BRINGUY",INDIVIDU,58,25.32,33.14
82014,"M. Marc LANGLOIS",INDIVIDU,50,21.83,28.57
82015,"M. Andrew LANE",INDIVIDU,82,78.84,95.34
82015,"M. Sébastien PERRET-VINCENT",INDIVIDU,79,75.96,91.86
82015,"M. Jean-Luc ISSANCHOU",INDIVIDU,78,75.00,90.69
82015,"M. Daniel SCORCIONE",INDIVIDU,78,75.00,90.69
82015,"Mme Fabienne DEL MARCO",INDIVIDU,78,75.00,90.69
82015,"Mme Anne-Marie BERARD",INDIVIDU,78,75.00,90.69
82015,"Mme Françoise VERDUN",INDIVIDU,78,75.00,90.69
82015,"Mme Jean-Claude REGHENAZ",INDIVIDU,76,73.07,88.37
82015,"Mme Cecile AUSSARESSE",INDIVIDU,74,71.15,86.04
82015,"M. Alain BACH",INDIVIDU,74,71.15,86.04
82015,"M. Claude DULAC",INDIVIDU,74,71.15,86.04
82016,"M. Jerôme VIGOUROUX",INDIVIDU,89,66.91,98.88
82016,"Mme Nicole AUGIER",INDIVIDU,86,64.66,95.55
82016,"M. Jean-Pascal PRADALIE",INDIVIDU,86,64.66,95.55
82016,"M. David CRANSAC",INDIVIDU,85,63.90,94.44
82016,"Mme Danielle FAIVRE",INDIVIDU,85,63.90,94.44
82016,"Mme Dominique DELCROIX",INDIVIDU,84,63.15,93.33
82016,"M. Christophe LANIES",INDIVIDU,83,62.40,92.22
82016,"M. Claude VERIL",INDIVIDU,83,62.40,92.22
82016,"Mme Marjorie MAZENC",INDIVIDU,79,59.39,87.77
82016,"M. Pierrick RIGAL",INDIVIDU,79,59.39,87.77
82016,"M. Thierry OLIVIER",INDIVIDU,76,57.14,84.44
82017,"M. Alexandre BILLIARD",LDVG,428,45.72,60.11
82017,"Mme Patricia CAESAR",LDVG,284,30.34,39.88
82018,"M. Jean-Paul CASTEL",LDVD,263,32.03,37.57
82018,"M. Gabriel SERRA",LDVG,437,53.22,62.42
82019,"M. Gilbert LAVILLEDIEU",INDIVIDU,307,56.53,96.54
82019,"Mme Marie-Claude CATTALDO",INDIVIDU,306,56.35,96.22
82019,"M. Christian FIELDES",INDIVIDU,305,56.16,95.91
82019,"Mme Marie-Thérèse VISSIERES-DELVOLVE",INDIVIDU,305,56.16,95.91
82019,"M. Jean-Louis MIQUEL",INDIVIDU,303,55.80,95.28
82019,"M. Thierry GOMEZ",INDIVIDU,302,55.61,94.96
82019,"M. Thierry DUCOME",INDIVIDU,300,55.24,94.33
82019,"M. Jacques GIACOMIN",INDIVIDU,299,55.06,94.02
82019,"M. Hervé MOULIS",INDIVIDU,299,55.06,94.02
82019,"Mme Stéphanie MESTRE",INDIVIDU,297,54.69,93.39
82019,"M. Farizel TRONCO",INDIVIDU,297,54.69,93.39
82019,"M. Jean-Pierre GENDRE",INDIVIDU,294,54.14,92.45
82019,"Mme Maryse RAFFY",INDIVIDU,286,52.67,89.93
82019,"M. Henri QUESSADA",INDIVIDU,283,52.11,88.99
82019,"Mme Stéphanie BRUNO",INDIVIDU,278,51.19,87.42
82020,"M. Daniel MOSSER",INDIVIDU,201,44.17,52.61
82020,"M. Gérard GARDE",INDIVIDU,199,43.73,52.09
82020,"Mme Laurence ORSOT",INDIVIDU,197,43.29,51.57
82020,"Mme Catherine CAPPOT",INDIVIDU,196,43.07,51.30
82020,"M. Michel CHAUBET",INDIVIDU,195,42.85,51.04
82020,"M. Guy BODIN",INDIVIDU,194,42.63,50.78
82020,"Mme Martine GASCON DESTARAC",INDIVIDU,194,42.63,50.78
82020,"Mme Anna PERRIN",INDIVIDU,194,42.63,50.78
82020,"Mme Nelly TREVISANUT",INDIVIDU,193,42.41,50.52
82020,"Mme Muriel DUEZ",INDIVIDU,191,41.97,50.00
82020,"M. Thierry MATILDE",INDIVIDU,190,41.75,49.73
82020,"Mme Pascale IZARD BALY",INDIVIDU,190,41.75,49.73
82020,"M. Guilhem RAYNAUD",INDIVIDU,190,41.75,49.73
82020,"M. Francis DAVINSAC",INDIVIDU,190,41.75,49.73
82020,"Mme Leititia MEUNIER CORBELLINI",INDIVIDU,189,41.53,49.47
82020,"M. Jean-Michel OLLIER",INDIVIDU,189,41.53,49.47
82020,"Mme Nathalie PUGNET",INDIVIDU,189,41.53,49.47
82020,"M. Bernard DUPUY",INDIVIDU,188,41.31,49.21
82020,"M. Guillaume SOULAGNET",INDIVIDU,188,41.31,49.21
82020,"M. Francis ROGER",INDIVIDU,187,41.09,48.95
82020,"M. William VANDERPOOTEN",INDIVIDU,187,41.09,48.95
82020,"M. Michel LABIT",INDIVIDU,186,40.87,48.69
82020,"Mme Brigitte DANZAS",INDIVIDU,186,40.87,48.69
82020,"M. Francis BRASSEUR",INDIVIDU,185,40.65,48.42
82020,"Mme Marie-Laure ROCHER",INDIVIDU,185,40.65,48.42
82020,"M. Benoit CAMPOURCY",INDIVIDU,185,40.65,48.42
82020,"M. Vincent CORBELLINI",INDIVIDU,182,40.00,47.64
82020,"M. Jean-Michel VALETTE",INDIVIDU,182,40.00,47.64
82020,"M. Eric DUCASSE",INDIVIDU,180,39.56,47.12
82020,"M. Guillaume FINATO",INDIVIDU,177,38.90,46.33
82021,"M. Thierry VIEILLEVIGNE",INDIVIDU,110,62.85,67.90
82021,"M. Jean-Charles GARCIA",INDIVIDU,108,61.71,66.66
82021,"Mme Marie-Isabelle VIDAL",INDIVIDU,105,60.00,64.81
82021,"M. Fabrice COMBATTELLI",INDIVIDU,105,60.00,64.81
82021,"M. Xavier MONTAGNAC",INDIVIDU,98,56.00,60.49
82021,"M. Jean-François DELFOUR",INDIVIDU,94,53.71,58.02
82021,"M. Stephan RADOMSKI-LASINSKA",INDIVIDU,94,53.71,58.02
82021,"Mme Anne-Katrin WACKER",INDIVIDU,91,52.00,56.17
82021,"M. Daniel BONNEMAISON",INDIVIDU,87,49.71,53.70
82021,"M. Pierre-Olivier TARTARIN",INDIVIDU,85,48.57,52.46
82021,"M. Patrick REVERSAT",INDIVIDU,81,46.28,50.00
82021,"M. Christophe MONTAGNAC",INDIVIDU,80,45.71,49.38
82021,"Mme Françoise BONNEMAISON",INDIVIDU,73,41.71,45.06
82021,"M. Alain SPOLADORE",INDIVIDU,70,40.00,43.20
82021,"Mme Monique GIMER",INDIVIDU,68,38.85,41.97
82021,"M. Emmanuel BUSIN",INDIVIDU,62,35.42,38.27
82021,"Mme Severine BLOQUEL",INDIVIDU,60,34.28,37.03
82021,"M. Nathanaël JANELA",INDIVIDU,59,33.71,36.41
82021,"Mme Martine LECLANCHER",INDIVIDU,59,33.71,36.41
82022,"Mme Sandrine DOUZIECH",INDIVIDU,168,53.84,69.70
82022,"M. Denis PIGNON",INDIVIDU,165,52.88,68.46
82022,"M. Gilles LACOMBE",INDIVIDU,163,52.24,67.63
82022,"M. Benoît PECHAMBERT",INDIVIDU,162,51.92,67.21
82022,"Mme Arlette LAINÉ",INDIVIDU,160,51.28,66.39
82022,"M. Thierry CHANUT",INDIVIDU,158,50.64,65.56
82022,"M. Benoît DECAUNES",INDIVIDU,157,50.32,65.14
82022,"M. Georges MEYER",INDIVIDU,153,49.03,63.48
82022,"M. Christian MARTIN",INDIVIDU,152,48.71,63.07
82022,"Mme Pascale ARGIRAKIS",INDIVIDU,150,48.07,62.24
82022,"Mme Anne HABOUZIT",INDIVIDU,150,48.07,62.24
82022,"M. Daniel ALBUGUES",INDIVIDU,90,28.84,37.34
82022,"M. Christophe VIALARET",INDIVIDU,90,28.84,37.34
82022,"M. Jean-Pierre LE DU",INDIVIDU,84,26.92,34.85
82022,"Mme Judith WOOD",INDIVIDU,82,26.28,34.02
82022,"Mme Marie-Claire PREVOT",INDIVIDU,81,25.96,33.60
82022,"Mme Danielle SOULAGE",INDIVIDU,81,25.96,33.60
82022,"Mme Catherine LESEIGNEUR",INDIVIDU,80,25.64,33.19
82022,"Mme Madeleine LACROUX",INDIVIDU,76,24.35,31.53
82022,"M. Gilles PREVOT",INDIVIDU,73,23.39,30.29
82022,"Mme Yvette DAUMIERES",INDIVIDU,70,22.43,29.04
82022,"M. Vincent RABOIS",INDIVIDU,67,21.47,27.80
82023,"M. Jean-Luc VILLADIEU",INDIVIDU,302,53.26,74.20
82023,"M. José DE LA ROSA",INDIVIDU,295,52.02,72.48
82023,"M. Eric DUSSAUX",INDIVIDU,289,50.97,71.00
82023,"Mme Cathia CARRARO",INDIVIDU,289,50.97,71.00
82023,"M. Roland FONTAINE",INDIVIDU,287,50.61,70.51
82023,"M. Frédéric IUS",INDIVIDU,284,50.08,69.77
82023,"M. Jean-Christophe ROUX",INDIVIDU,284,50.08,69.77
82023,"M. Denis LAVAYSSIÈRE",INDIVIDU,283,49.91,69.53
82023,"Mme Thérèse EMBOULAS",INDIVIDU,281,49.55,69.04
82023,"M. Yves COUDERC",INDIVIDU,279,49.20,68.55
82023,"M. Francois LAUNAY",INDIVIDU,278,49.02,68.30
82023,"M. Christian BOUSQUET",INDIVIDU,276,48.67,67.81
82023,"M. Daniel BADENS",INDIVIDU,270,47.61,66.33
82023,"Mme Suzanne TRANTOUL",INDIVIDU,270,47.61,66.33
82023,"M. Laurent METCHE",INDIVIDU,265,46.73,65.11
82023,"M. Christophe PINTO",INDIVIDU,187,32.98,45.94
82024,"M. Christian SIMON",INDIVIDU,158,76.69,99.37
82024,"M. Frédéric DUCASSE",INDIVIDU,158,76.69,99.37
82024,"Mme Stephanie DUCASSE",INDIVIDU,157,76.21,98.74
82024,"Mme Pascale SCANU",INDIVIDU,156,75.72,98.11
82024,"M. Guy JALARET",INDIVIDU,154,74.75,96.85
82024,"Mme Anne-Marie SAUZEAT",INDIVIDU,154,74.75,96.85
82024,"M. Christian LABRO",INDIVIDU,154,74.75,96.85
82024,"Mme Heather Joan GALLEY",INDIVIDU,152,73.78,95.59
82024,"Mme Maria PERUZZETTO",INDIVIDU,151,73.30,94.96
82024,"M. Jean-Pierre FLOURENS",INDIVIDU,151,73.30,94.96
82024,"M. Jean-Claude AJAS",INDIVIDU,147,71.35,92.45
82025,"M. Daniel DONADIO",LDVG,609,23.16,32.54
82025,"M. Jean Louis IBRES",LDVD,1262,48.00,67.45
82026,"M. David LESCURE",INDIVIDU,337,54.44,72.62
82026,"Mme Roseline ARMAND",INDIVIDU,335,54.11,72.19
82026,"Mme Christiane SOULIE",INDIVIDU,335,54.11,72.19
82026,"M. Xavier GILES",INDIVIDU,335,54.11,72.19
82026,"M. Michel MONTET",INDIVIDU,335,54.11,72.19
82026,"M. Sébastien BASSE",INDIVIDU,334,53.95,71.98
82026,"Mme Danièle BUADES",INDIVIDU,334,53.95,71.98
82026,"Mme Sylvie DEBAYLES",INDIVIDU,333,53.79,71.76
82026,"Mme Chantal GRIMAL",INDIVIDU,333,53.79,71.76
82026,"M. Jean-François LARRIEU",INDIVIDU,332,53.63,71.55
82026,"M. Joël STEIN",INDIVIDU,329,53.15,70.90
82026,"M. Marc TABARLY",INDIVIDU,328,52.98,70.68
82026,"M. Christian TSCHOCKE",INDIVIDU,327,52.82,70.47
82026,"Mme Josette COMBRES",INDIVIDU,325,52.50,70.04
82026,"Mme Patricia COME",INDIVIDU,322,52.01,69.39
82026,"M. Jacky POUSSOU",INDIVIDU,154,24.87,33.18
82027,"Mme Marie-Claude NEGRE",LDVG,476,52.94,100.00
82028,"M. Gilles LARRIEU",INDIVIDU,282,50.35,61.03
82028,"M. Gilles CHAPILLON",INDIVIDU,279,49.82,60.38
82028,"M. François PURCHA",INDIVIDU,279,49.82,60.38
82028,"M. Yannick NEGRO",INDIVIDU,278,49.64,60.17
82028,"M. Denis THAU",INDIVIDU,278,49.64,60.17
82028,"M. Bernard BLATCHE",INDIVIDU,278,49.64,60.17
82028,"M. Christophe FONTANA",INDIVIDU,278,49.64,60.17
82028,"Mme Michelle CAZABAT",INDIVIDU,278,49.64,60.17
82028,"M. Stéphane FINANCE",INDIVIDU,278,49.64,60.17
82028,"Mme Patricia FINANCE",INDIVIDU,277,49.46,59.95
82028,"M. Marc OURMIERES",INDIVIDU,277,49.46,59.95
82028,"Mme Isabelle PALTOU",INDIVIDU,276,49.28,59.74
82028,"Mme Patricia ZANUSSO",INDIVIDU,276,49.28,59.74
82028,"Mme Sylvie BOREL",INDIVIDU,276,49.28,59.74
82028,"M. Alain REY",INDIVIDU,274,48.92,59.30
82028,"M. Patrick BIANCOLIN",INDIVIDU,185,33.03,40.04
82028,"Mme Alexandrine MORZELLE",INDIVIDU,185,33.03,40.04
82028,"M. Vincent GUILLAUME",INDIVIDU,185,33.03,40.04
82028,"Mme Marie NIEK",INDIVIDU,185,33.03,40.04
82028,"M. Stéphane CARBONNEL",INDIVIDU,184,32.85,39.82
82028,"Mme Karen SALOMON",INDIVIDU,184,32.85,39.82
82028,"Mme Marie-Andrée LAMBERT",INDIVIDU,183,32.67,39.61
82028,"Mme Sylvie JALLOIS",INDIVIDU,183,32.67,39.61
82028,"Mme Nicole CRISTIN",INDIVIDU,183,32.67,39.61
82028,"M. Julien MAREZZA",INDIVIDU,183,32.67,39.61
82028,"M. Michel LOUBRADOU",INDIVIDU,183,32.67,39.61
82028,"M. Vladimir BJELICA",INDIVIDU,183,32.67,39.61
82028,"M. David ALLASIA",INDIVIDU,182,32.50,39.39
82028,"M. Eric QUARCY",INDIVIDU,181,32.32,39.17
82028,"M. Yves BOUCHARECHAS",INDIVIDU,178,31.78,38.52
82029,"M. Jean-Jacques ROUX",INDIVIDU,158,73.14,93.49
82029,"Mme Nathalie RAVAYROL",INDIVIDU,152,70.37,89.94
82029,"Mme Sandrine GAYRAL",INDIVIDU,151,69.90,89.34
82029,"M. Gérard LOUPIAS",INDIVIDU,150,69.44,88.75
82029,"M. Daniel LOMBARD",INDIVIDU,149,68.98,88.16
82029,"M. Patrick VAYSSE",INDIVIDU,149,68.98,88.16
82029,"Mme Cécile ROUZIES",INDIVIDU,149,68.98,88.16
82029,"M. Daniel VIDAL",INDIVIDU,140,64.81,82.84
82029,"M. Jean-Louis LOUPIAS",INDIVIDU,139,64.35,82.24
82029,"M. Michel TABARLY",INDIVIDU,136,62.96,80.47
82029,"Mme Janice EMERSON",INDIVIDU,135,62.50,79.88
82030,"M. Jean-Paul FÉGNÉ",INDIVIDU,162,50.15,62.06
82030,"Mme Eliane DESPRATS-BACCARO",INDIVIDU,159,49.22,60.91
82030,"M. Marc PERGHER",INDIVIDU,159,49.22,60.91
82030,"M. Guy RIOL",INDIVIDU,154,47.67,59.00
82030,"M. Serge SABATIER",INDIVIDU,154,47.67,59.00
82030,"Mme Karine WASZAK",INDIVIDU,154,47.67,59.00
82030,"M. Guy DUPUY",INDIVIDU,153,47.36,58.62
82030,"M. Jean-Marc TROVA",INDIVIDU,153,47.36,58.62
82030,"Mme Julie LAFOURCADE",INDIVIDU,152,47.05,58.23
82030,"M. Georges CHRISTOPHE",INDIVIDU,152,47.05,58.23
82030,"Mme Sandrine VIGNOL",INDIVIDU,149,46.13,57.08
82030,"M. René JOUANNY",INDIVIDU,121,37.46,46.36
82030,"Mme Jacqueline HALTER",INDIVIDU,116,35.91,44.44
82030,"M. Jean-Pierre BAZELY",INDIVIDU,115,35.60,44.06
82030,"Mme Anita BRINGER",INDIVIDU,109,33.74,41.76
82030,"Mme Solange CONTE",INDIVIDU,107,33.12,40.99
82030,"Mme Candie ROUCHY",INDIVIDU,105,32.50,40.22
82030,"Mme Elisabeth GILBERT",INDIVIDU,105,32.50,40.22
82030,"M. Serge SALESSES",INDIVIDU,103,31.88,39.46
82030,"M. Mickaël LAGNES",INDIVIDU,101,31.26,38.69
82030,"Mme Jessica BARRACHIN",INDIVIDU,99,30.65,37.93
82030,"M. Bernard LARET",INDIVIDU,89,27.55,34.09
82031,"Mme Fabienne CLEMENTE",LUDI,276,36.45,44.08
82031,"M. Jean-Claude GIAVARINI",LDVG,350,46.23,55.91
82032,"M. Stéphane SALTAREL",INDIVIDU,270,67.33,93.75
82032,"M. André DECON",INDIVIDU,264,65.83,91.66
82032,"Mme Nathalie THIERY",INDIVIDU,254,63.34,88.19
82032,"Mme Myriam DELATTRE",INDIVIDU,252,62.84,87.50
82032,"M. Raymond BARCELLA",INDIVIDU,252,62.84,87.50
82032,"M. Dominique DELORME",INDIVIDU,251,62.59,87.15
82032,"M. Jean-Pierre RAIMONDO",INDIVIDU,248,61.84,86.11
82032,"Mme Claire PECHABADENS",INDIVIDU,247,61.59,85.76
82032,"M. Cyrille TERRIER",INDIVIDU,247,61.59,85.76
82032,"Mme Marie-Claire BALLARIN",INDIVIDU,245,61.09,85.06
82032,"M. Jean-Marc BORTOLUSSI",INDIVIDU,245,61.09,85.06
82032,"M. André BRAMAN",INDIVIDU,244,60.84,84.72
82032,"Mme Francine FILLATRE",INDIVIDU,242,60.34,84.02
82032,"M. Jean-Claude DONZELLI",INDIVIDU,237,59.10,82.29
82032,"Mme Aurélie LOUBIERE",INDIVIDU,224,55.86,77.77
82033,"M. Pascal GRANIÉ",LDVG,1063,11.01,17.75
82033,"M. Bernard DAGEN",LDVD,2126,22.03,35.51
82033,"M. Jean-Philippe BESIERS",LDVG,2797,28.98,46.72
82034,"M. Philippe DEL MARCO",INDIVIDU,85,76.57,98.83
82034,"M. Jérôme NOVARINO",INDIVIDU,84,75.67,97.67
82034,"Mme Josine LADEVÈZE",INDIVIDU,82,73.87,95.34
82034,"M. Jean-Luc COLONNA",INDIVIDU,81,72.97,94.18
82034,"M. François MEUNIER",INDIVIDU,81,72.97,94.18
82034,"M. Alain BEZOMBES",INDIVIDU,80,72.07,93.02
82034,"Mme Sandra LABRO",INDIVIDU,78,70.27,90.69
82034,"M. Maxime MENOU",INDIVIDU,78,70.27,90.69
82034,"Mme Delphine BARRA",INDIVIDU,78,70.27,90.69
82034,"M. Maurice WATTEL",INDIVIDU,77,69.36,89.53
82034,"Mme Geneviève AMBROGIO",INDIVIDU,73,65.76,84.88
82035,"M. Jean-Philippe CAYROU",INDIVIDU,174,62.14,92.06
82035,"Mme Josiane LAFFORGUE",INDIVIDU,174,62.14,92.06
82035,"M. Christian COSTES",INDIVIDU,174,62.14,92.06
82035,"Mme Sylvie GRENIÉ",INDIVIDU,173,61.78,91.53
82035,"Mme Monique DELZERS",INDIVIDU,173,61.78,91.53
82035,"M. Joseph MARIETTAZ",INDIVIDU,172,61.42,91.00
82035,"Mme Michèle FURLAN",INDIVIDU,172,61.42,91.00
82035,"Mme Mélanie GAUTREAU",INDIVIDU,169,60.35,89.41
82035,"M. Jean-Michel TONICELLO",INDIVIDU,168,60.00,88.88
82035,"M. Jean-Claude MONIER",INDIVIDU,168,60.00,88.88
82035,"M. Jacques ROQUES",INDIVIDU,159,56.78,84.12
82036,"Mme Marie-Thérèse PASET",INDIVIDU,93,69.40,82.30
82036,"Mme Corine BUSSO",INDIVIDU,86,64.17,76.10
82036,"M. Jean-Louis BOUSIGNAC",INDIVIDU,84,62.68,74.33
82036,"Mme Catherine TRIQUENEAUX",INDIVIDU,83,61.94,73.45
82036,"M. Jean-Michel LEFEBVRE",INDIVIDU,82,61.19,72.56
82036,"M. André ROUCOLLE",INDIVIDU,80,59.70,70.79
82036,"M. Fabien BOUSIGNAC",INDIVIDU,75,55.97,66.37
82036,"M. Jean-Luc BUSSO",INDIVIDU,74,55.22,65.48
82036,"Mme Liliane CENAC",INDIVIDU,65,48.50,57.52
82036,"Mme Carole GRANIE",INDIVIDU,62,46.26,54.86
82036,"Mme Solange PONSARD",INDIVIDU,56,41.79,49.55
82036,"M. Pierre COUREAU",INDIVIDU,55,41.04,48.67
82036,"M. Emilien ROUCOLLE",INDIVIDU,48,35.82,42.47
82036,"Mme Nadia BASTIDA",INDIVIDU,40,29.85,35.39
82036,"Mme Céline MARTIN",INDIVIDU,31,23.13,27.43
82037,"M. François BONHOMME",LDVD,2250,47.16,65.12
82037,"M. Jérôme FABRE",LDVG,1205,25.26,34.87
82038,"Mme Eliette VAYSSIERE-FILLOL",LDVD,172,14.62,20.74
82038,"M. Bernard MIQUEL",LDVD,203,17.26,24.48
82038,"M. Christian MAFFRE",LDVG,454,38.60,54.76
82039,"M. Christophe MARGARIT",INDIVIDU,202,51.92,63.92
82039,"Mme Martine DEJEAN",INDIVIDU,202,51.92,63.92
82039,"Mme Aline GRUNENWALD",INDIVIDU,201,51.67,63.60
82039,"Mme Lisbeth ROUDES",INDIVIDU,201,51.67,63.60
82039,"M. Renaud MONCHOVET",INDIVIDU,200,51.41,63.29
82039,"Mme Stephanie MARTIN",INDIVIDU,199,51.15,62.97
82039,"Mme Gisèle DAMAGGIO",INDIVIDU,199,51.15,62.97
82039,"M. Serge DEJEAN",INDIVIDU,199,51.15,62.97
82039,"Mme Magalie DANIE",INDIVIDU,195,50.12,61.70
82039,"M. Jacques COUSTEILS",INDIVIDU,195,50.12,61.70
82039,"Mme Helene BOURY",INDIVIDU,195,50.12,61.70
82039,"Mme Claudine MAISONNEUVE",INDIVIDU,193,49.61,61.07
82039,"M. Fabrice LAPLAGNE",INDIVIDU,191,49.10,60.44
82039,"M. Daniel RUDOLF",INDIVIDU,190,48.84,60.12
82039,"M. Antoine PEREZ",INDIVIDU,176,45.24,55.69
82039,"M. Lionel FOUCAUD",INDIVIDU,131,33.67,41.45
82039,"M. Nicolas GAILLARD",INDIVIDU,127,32.64,40.18
82039,"Mme Florence PILLER",INDIVIDU,123,31.61,38.92
82039,"M. Alain ROUZIES",INDIVIDU,122,31.36,38.60
82039,"M. Laurent OLIVIER-DUMAS",INDIVIDU,120,30.84,37.97
82039,"M. Philippe QUAGLIO",INDIVIDU,118,30.33,37.34
82039,"Mme Delphine PORTELA DA CUNHA",INDIVIDU,114,29.30,36.07
82039,"Mme Alexandrine ANTON",INDIVIDU,113,29.04,35.75
82039,"Mme Christelle VERDIER",INDIVIDU,113,29.04,35.75
82039,"Mme Marie-Pierre CARBONNIER",INDIVIDU,113,29.04,35.75
82039,"M. Christian NOAILLES",INDIVIDU,112,28.79,35.44
82039,"Mme Patricia DEBEZIS",INDIVIDU,108,27.76,34.17
82039,"M. Alberto LARA",INDIVIDU,106,27.24,33.54
82040,"M. Jerome JULIEN",INDIVIDU,155,65.40,95.09
82040,"M. Thierry GAMBARA",INDIVIDU,146,61.60,89.57
82040,"Mme Magalie MARTIEL",INDIVIDU,146,61.60,89.57
82040,"Mme Laurence TABARLY",INDIVIDU,143,60.33,87.73
82040,"Mme Edith MAJOREL",INDIVIDU,143,60.33,87.73
82040,"M. Daniel KLEINMANN",INDIVIDU,141,59.49,86.50
82040,"M. Benoît PEPIN",INDIVIDU,141,59.49,86.50
82040,"M. Alain NICOLE",INDIVIDU,138,58.22,84.66
82040,"Mme Marie-Claude HERMET-RIVIERE",INDIVIDU,133,56.11,81.59
82040,"M. Jean-Louis DONNADIEU",INDIVIDU,128,54.00,78.52
82040,"Mme Isabelle DELBREIL",INDIVIDU,123,51.89,75.46
82041,"M. Gérard CHALON",INDIVIDU,111,54.95,65.29
82041,"Mme Chantal LASSEIGNE",INDIVIDU,111,54.95,65.29
82041,"M. Max HERVIOU",INDIVIDU,108,53.46,63.52
82041,"M. Jean-Luc DELPECH",INDIVIDU,104,51.48,61.17
82041,"M. Jean-Marie DESKEUVRE",INDIVIDU,104,51.48,61.17
82041,"Mme Laure DELPECH",INDIVIDU,102,50.49,60.00
82041,"Mme Bénédicte NICAISE",INDIVIDU,99,49.00,58.23
82041,"M. Daniel MIQUEL",INDIVIDU,98,48.51,57.64
82041,"M. Richard MONTANÉ",INDIVIDU,97,48.01,57.05
82041,"M. Georges ESPINOSA",INDIVIDU,87,43.06,51.17
82041,"Mme Nicole SALVAN",INDIVIDU,83,41.08,48.82
82041,"M. Gérard VINEL",INDIVIDU,81,40.09,47.64
82041,"M. Frédéric GIRARD",INDIVIDU,73,36.13,42.94
82041,"M. Patrick BRIAN",INDIVIDU,72,35.64,42.35
82041,"Mme Annie BAILLOU",INDIVIDU,70,34.65,41.17
82041,"Mme Sylvie BOUDET",INDIVIDU,63,31.18,37.05
82041,"M. Jean-Pierre LE SAOUTER",INDIVIDU,61,30.19,35.88
82041,"Mme Marie-Line CAVAILLÉ",INDIVIDU,61,30.19,35.88
82041,"Mme Sylvie COURDY",INDIVIDU,61,30.19,35.88
82041,"M. Max BENARD",INDIVIDU,60,29.70,35.29
82041,"Mme Julie SAINSON",INDIVIDU,56,27.72,32.94
82041,"M. Cédric FALLONE",INDIVIDU,52,25.74,30.58
82042,"Mme Dominique PARCELLIER",LDIV,272,28.33,37.00
82042,"M. Jean-Michel GUILLOTEAU",LUDI,463,48.22,62.99
82043,"Mme Angeline CENTIS",INDIVIDU,107,52.97,57.83
82043,"Mme Flora MOURIAU",INDIVIDU,104,51.48,56.21
82043,"Mme Sonia PEREZ",INDIVIDU,104,51.48,56.21
82043,"Mme Marie-Annick COMBET",INDIVIDU,103,50.99,55.67
82043,"Mme Patricia AOUAOU",INDIVIDU,102,50.49,55.13
82043,"M. Thierry AUBEE",INDIVIDU,102,50.49,55.13
82043,"M. Serge THAU",INDIVIDU,100,49.50,54.05
82043,"M. Jacques BOUVILLE",INDIVIDU,100,49.50,54.05
82043,"M. Mario ANTONIOLLI",INDIVIDU,97,48.01,52.43
82043,"M. Samuel FIORITO",INDIVIDU,88,43.56,47.56
82043,"M. Damien HENNIQUE",INDIVIDU,87,43.06,47.02
82043,"M. Stéphane FABE",INDIVIDU,85,42.07,45.94
82043,"M. Benoit MESSEGUE",INDIVIDU,83,41.08,44.86
82043,"Mme Nathalie LABORDERIE",INDIVIDU,83,41.08,44.86
82043,"M. René CHAMPIE",INDIVIDU,83,41.08,44.86
82043,"M. Fabian ABRIAT",INDIVIDU,81,40.09,43.78
82043,"Mme Carole DUMONT",INDIVIDU,81,40.09,43.78
82043,"M. Joël CAPMARTIN",INDIVIDU,80,39.60,43.24
82043,"M. Eugène DUNET",INDIVIDU,80,39.60,43.24
82043,"M. Cédric MIOZZO",INDIVIDU,79,39.10,42.70
82043,"Mme Anaïs THIBAULT",INDIVIDU,78,38.61,42.16
82043,"M. Jérôme MARCONATO",INDIVIDU,77,38.11,41.62
82044,"M. Pierre BONNEFOUS",LSOC,583,50.73,77.62
82044,"M. Michel THIERRY",LUDI,168,14.62,22.37
82045,"Mme Monique BELY",INDIVIDU,119,46.48,50.21
82045,"M. Jean-Jacques CANDEL",INDIVIDU,116,45.31,48.94
82045,"M. Olivier SEVEGNES",INDIVIDU,116,45.31,48.94
82045,"M. Etienne CHAMPIE",INDIVIDU,116,45.31,48.94
82045,"Mme Blandine ROQUE",INDIVIDU,114,44.53,48.10
82045,"M. Patrick DELLAC",INDIVIDU,113,44.14,47.67
82045,"M. Yannick CITRON",INDIVIDU,113,44.14,47.67
82045,"M. Jean-Francois VILLEMUR",INDIVIDU,113,44.14,47.67
82045,"M. Yvon ROBINSON",INDIVIDU,113,44.14,47.67
82045,"M. Sebastien GAILLOT",INDIVIDU,112,43.75,47.25
82045,"Mme Marie-Thérèse COUDERC",INDIVIDU,110,42.96,46.41
82045,"M. Antoine ROCH",INDIVIDU,75,29.29,31.64
82045,"Mme Marie-Claude BEAUTES-KLEINHOLT",INDIVIDU,75,29.29,31.64
82045,"Mme Julia ROCHART",INDIVIDU,72,28.12,30.37
82045,"M. Patrice MENUZZO",INDIVIDU,70,27.34,29.53
82045,"Mme Audrey MARCIANO",INDIVIDU,70,27.34,29.53
82045,"M. Christian HURREAU",INDIVIDU,70,27.34,29.53
82045,"Mme Nathalie LEVEQUE",INDIVIDU,70,27.34,29.53
82045,"M. Sylvain AUNE",INDIVIDU,70,27.34,29.53
82045,"Mme Claire SIGNAMARCHEIX",INDIVIDU,70,27.34,29.53
82045,"M. Antoine DARGELOS",INDIVIDU,68,26.56,28.69
82045,"M. Christophe LACAN",INDIVIDU,67,26.17,28.27
82045,"M. Antoine DI NARDO",INDIVIDU,55,21.48,23.20
82045,"Mme Ginette MILHAVET-SALENDRE",INDIVIDU,53,20.70,22.36
82045,"M. Bernard GUIBAL",INDIVIDU,51,19.92,21.51
82045,"Mme Carole ANDRIGO EPOUSE CHAUVIER",INDIVIDU,50,19.53,21.09
82045,"Mme Françoise LEFEBVRE",INDIVIDU,50,19.53,21.09
82045,"M. Jean-François NOUGAYREDE",INDIVIDU,49,19.14,20.67
82045,"Mme Pascaline ALARCON JEAN",INDIVIDU,48,18.75,20.25
82045,"M. Sidney HYARD",INDIVIDU,48,18.75,20.25
82045,"Mme Violette PELLEGRIN EPOUSE DEILHES",INDIVIDU,47,18.35,19.83
82045,"Mme Josette PAYSSOT",INDIVIDU,46,17.96,19.40
82046,"M. Gilbert BOUTINES",INDIVIDU,62,76.54,92.53
82046,"M. Gilles MELLAC",INDIVIDU,59,72.83,88.05
82046,"M. Christophe CHAMPAIN",INDIVIDU,58,71.60,86.56
82046,"M. André DUCASSE",INDIVIDU,57,70.37,85.07
82046,"M. Guy CALMETTES",INDIVIDU,55,67.90,82.08
82046,"Mme Christelle GARRIGUES",INDIVIDU,54,66.66,80.59
82046,"M. Gérard FRAPPÉ",INDIVIDU,52,64.19,77.61
82046,"Mme Sandrine CARBONELL",INDIVIDU,50,61.72,74.62
82046,"M. Marcel LAFFITTE",INDIVIDU,49,60.49,73.13
82046,"M. Jean-Claude DUBORD",INDIVIDU,48,59.25,71.64
82046,"M. Jean-Claude GARRIGUES",INDIVIDU,43,53.08,64.17
82046,"M. Pierre AMIEL",INDIVIDU,27,33.33,40.29
82046,"M. Alexandre CARBONELL",INDIVIDU,22,27.16,32.83
82047,"M. Daniel CHAUBET",INDIVIDU,48,77.41,97.95
82047,"M. Gérard FAURÉ",INDIVIDU,48,77.41,97.95
82047,"Mme Marie-Jeanne ALLENNE",INDIVIDU,47,75.80,95.91
82047,"Mme Nadine DIAGUE",INDIVIDU,47,75.80,95.91
82047,"M. Francis SEGAUD",INDIVIDU,47,75.80,95.91
82047,"M. Alain SANCEY",INDIVIDU,46,74.19,93.87
82047,"M. Jean-Jacques GUIRBAL",INDIVIDU,46,74.19,93.87
82048,"M. Emmanuel GLOAGUEN-BARAT",LMDM,167,18.17,24.09
82048,"M. Jean-Bernard LACAZE",LDVG,212,23.06,30.59
82048,"M. Michel DEVAY",LDVG,314,34.16,45.31
82049,"M. Jean-Paul TERRENNE",LDVG,422,52.88,100.00
82050,"M. Christian ASTRUC",LDIV,554,55.17,100.00
82051,"Mme Annie FAVAREL",INDIVIDU,395,63.09,91.43
82051,"M. Nicolas DEVIERS",INDIVIDU,389,62.14,90.04
82051,"M. Didier LACOMBE",INDIVIDU,383,61.18,88.65
82051,"M. Laurent VIDAL",INDIVIDU,375,59.90,86.80
82051,"Mme Pascale LEMOUZY",INDIVIDU,374,59.74,86.57
82051,"Mme Isabelle PECHARMAN",INDIVIDU,372,59.42,86.11
82051,"M. Claude COMBALBERT",INDIVIDU,371,59.26,85.87
82051,"M. Daniel BÉRENS",INDIVIDU,365,58.30,84.49
82051,"Mme Claudette MORIQUET",INDIVIDU,363,57.98,84.02
82051,"M. Philippe BERCHER",INDIVIDU,362,57.82,83.79
82051,"Mme Dominique FORNERIS",INDIVIDU,362,57.82,83.79
82051,"M. Jean-Paul LAMARINIE",INDIVIDU,360,57.50,83.33
82051,"Mme Régine PAX",INDIVIDU,358,57.18,82.87
82051,"Mme Marie-Line PORRAS",INDIVIDU,341,54.47,78.93
82051,"M. Patrice PUIGVERT",INDIVIDU,336,53.67,77.77
82051,"M. Maxime VICEDO",INDIVIDU,53,8.46,12.26
82052,"M. Michel CORNILLE",LDVG,449,61.50,100.00
82052,"M. Michel AUDEBAUD",LDVG,0,0.00,0.00
82053,"M. Éric DUTHOIT",INDIVIDU,170,68.82,98.83
82053,"M. Michel LAYMAJOUX",INDIVIDU,169,68.42,98.25
82053,"Mme Maryse SABATHÉ",INDIVIDU,167,67.61,97.09
82053,"M. Gilles GRIMAUX",INDIVIDU,167,67.61,97.09
82053,"M. Gilbert CAVAREC",INDIVIDU,165,66.80,95.93
82053,"M. Claude OTTOBONI",INDIVIDU,165,66.80,95.93
82053,"M. François MARTINET",INDIVIDU,163,65.99,94.76
82053,"M. Gérard LATAPIE",INDIVIDU,162,65.58,94.18
82053,"M. Francis DUILHÉ",INDIVIDU,161,65.18,93.60
82053,"Mme Nicole LATAPIE",INDIVIDU,159,64.37,92.44
82053,"M. Daniel FERRADOU",INDIVIDU,159,64.37,92.44
82054,"M. Serge COMBALBERT",INDIVIDU,146,51.95,60.58
82054,"Mme Laurence REYMONDOUX",INDIVIDU,145,51.60,60.16
82054,"M. Claude TERRENNE",INDIVIDU,145,51.60,60.16
82054,"M. Marcel MOLLE",INDIVIDU,143,50.88,59.33
82054,"Mme Annie FERRERO",INDIVIDU,142,50.53,58.92
82054,"M. Robert MARCEL",INDIVIDU,141,50.17,58.50
82054,"M. Robert VERVEY",INDIVIDU,140,49.82,58.09
82054,"M. Stéphane DESBOURDIEUX",INDIVIDU,139,49.46,57.67
82054,"Mme Leigh ROBERTS",INDIVIDU,138,49.11,57.26
82054,"M. Boris TIMISTCHENKO",INDIVIDU,133,47.33,55.18
82054,"Mme Vanessa THOMAS",INDIVIDU,127,45.19,52.69
82054,"M. Sebastien SOURBIER",INDIVIDU,94,33.45,39.00
82054,"Mme Delphine APRETNA",INDIVIDU,92,32.74,38.17
82054,"Mme Sonia LESPES",INDIVIDU,92,32.74,38.17
82054,"Mme Elyse MIRAMANDE",INDIVIDU,91,32.38,37.75
82054,"Mme Adeline LAPEZE",INDIVIDU,90,32.02,37.34
82054,"M. Guy WEZEL",INDIVIDU,89,31.67,36.92
82054,"Mme Sabine BALLARIN",INDIVIDU,87,30.96,36.09
82054,"M. Patrice LESGOIRRES",INDIVIDU,86,30.60,35.68
82054,"M. Vincent PIAZZA",INDIVIDU,86,30.60,35.68
82054,"Mme Katia NICOT",INDIVIDU,85,30.24,35.26
82054,"M. Sliman MILOUDI",INDIVIDU,84,29.89,34.85
82054,"M. Guy DUFAUT",INDIVIDU,33,11.74,13.69
82055,"M. Dominique MARCON",INDIVIDU,150,66.66,92.59
82055,"Mme Marie-Josèphe DAUCH",INDIVIDU,149,66.22,91.97
82055,"Mme Annie DUPUY",INDIVIDU,147,65.33,90.74
82055,"Mme Pascale BIDOUZE",INDIVIDU,145,64.44,89.50
82055,"M. Sébastien TAUPIAC",INDIVIDU,140,62.22,86.41
82055,"M. Denis GARCIA",INDIVIDU,140,62.22,86.41
82055,"M. André MONTAGNER",INDIVIDU,138,61.33,85.18
82055,"M. Denis TAUPIAC",INDIVIDU,137,60.88,84.56
82055,"M. Raymond GARCIA",INDIVIDU,135,60.00,83.33
82055,"M. Odé GUIRBAL",INDIVIDU,134,59.55,82.71
82055,"M. Jean-Claude MONBRUN",INDIVIDU,132,58.66,81.48
82056,"M. Christian MOLINIE",INDIVIDU,102,71.83,94.44
82056,"M. Guy FRAUCIEL",INDIVIDU,102,71.83,94.44
82056,"M. Gilles PINEL",INDIVIDU,101,71.12,93.51
82056,"M. Guy REMEZY",INDIVIDU,101,71.12,93.51
82056,"M. Denis MECHE",INDIVIDU,100,70.42,92.59
82056,"M. Samuel REMEZY",INDIVIDU,100,70.42,92.59
82056,"M. Daniel FERAL",INDIVIDU,99,69.71,91.66
82056,"M. Jérôme BURG",INDIVIDU,97,68.30,89.81
82056,"M. Jean TAURINES",INDIVIDU,97,68.30,89.81
82056,"Mme Cécile IORDANOFF",INDIVIDU,93,65.49,86.11
82056,"M. Jean-Pierre LOMBARD",INDIVIDU,93,65.49,86.11
82057,"M. François GUILLE",INDIVIDU,164,41.73,52.06
82057,"M. Nicolas VERDIER",INDIVIDU,162,41.22,51.42
82057,"M. Sébastien ABADIE",INDIVIDU,161,40.96,51.11
82057,"Mme Gaëlle LAFARGUE",INDIVIDU,161,40.96,51.11
82057,"Mme Morgane MAUREL",INDIVIDU,161,40.96,51.11
82057,"Mme Sylvie MAZET",INDIVIDU,160,40.71,50.79
82057,"Mme Vanessa GROSSEAU",INDIVIDU,158,40.20,50.15
82057,"Mme Elisabeth CHEVALLIER",INDIVIDU,158,40.20,50.15
82057,"M. Christophe ESTUBE",INDIVIDU,158,40.20,50.15
82057,"Mme Joëlle DE BARALLE",INDIVIDU,157,39.94,49.84
82057,"Mme Marion FERRIERES",INDIVIDU,157,39.94,49.84
82057,"Mme Valérie HERNOT",INDIVIDU,157,39.94,49.84
82057,"M. Jérôme SOURSAC",INDIVIDU,156,39.69,49.52
82057,"Mme Anne MARTINEZ",INDIVIDU,156,39.69,49.52
82057,"M. Florian MIEULET",INDIVIDU,156,39.69,49.52
82057,"Mme Sandrine MEGIAS",INDIVIDU,155,39.44,49.20
82057,"M. Mathieu LIGUORI",INDIVIDU,155,39.44,49.20
82057,"M. Stéphane DUGA",INDIVIDU,155,39.44,49.20
82057,"Mme Maylis AZALBERT",INDIVIDU,155,39.44,49.20
82057,"M. Franck VALETTE",INDIVIDU,154,39.18,48.88
82057,"M. Bernard JULLIE",INDIVIDU,154,39.18,48.88
82057,"M. Jean-François PASCHETTA",INDIVIDU,153,38.93,48.57
82057,"M. Gérard CARABEUF",INDIVIDU,153,38.93,48.57
82057,"Mme Catherine TEULIERE",INDIVIDU,152,38.67,48.25
82057,"M. Jean-Daniel VARO",INDIVIDU,152,38.67,48.25
82057,"M. Yan LE TIRANT",INDIVIDU,151,38.42,47.93
82057,"M. Michel SEBASTIEN",INDIVIDU,151,38.42,47.93
82057,"Mme Fatma BENGOUA",INDIVIDU,151,38.42,47.93
82057,"M. André FAYET",INDIVIDU,149,37.91,47.30
82057,"M. Christian POZZA",INDIVIDU,149,37.91,47.30
82058,"M. Hubert LAFONT",INDIVIDU,59,71.08,88.05
82058,"Mme Christelle IGNACE",INDIVIDU,58,69.87,86.56
82058,"M. Alain MIRAMONT",INDIVIDU,56,67.46,83.58
82058,"Mme Nathalie PACE",INDIVIDU,55,66.26,82.08
82058,"Mme Nadine MIRAMONT",INDIVIDU,53,63.85,79.10
82058,"M. Joseph FERNANDEZ",INDIVIDU,48,57.83,71.64
82058,"M. Michel CARPENTIER",INDIVIDU,48,57.83,71.64
82058,"Mme Maryline ADAMI",INDIVIDU,45,54.21,67.16
82058,"M. Guy DUCOS",INDIVIDU,44,53.01,65.67
82058,"M. Pierre-Etienne DESBOUIT",INDIVIDU,41,49.39,61.19
82058,"Mme Elisabeth FLORIO",INDIVIDU,32,38.55,47.76
82058,"M. Vincent CRUBILE",INDIVIDU,28,33.73,41.79
82059,"Mme Joëlle MARCHETTI",INDIVIDU,202,75.37,99.01
82059,"M. Jean-Michel SANCHEZ",INDIVIDU,202,75.37,99.01
82059,"M. David VAYSSADE",INDIVIDU,199,74.25,97.54
82059,"M. Jean-Yves NEVEU",INDIVIDU,198,73.88,97.05
82059,"M. Serge LEONOWICZ",INDIVIDU,198,73.88,97.05
82059,"M. Guy BRINGAY",INDIVIDU,195,72.76,95.58
82059,"Mme Anne-Laure PIVOT",INDIVIDU,195,72.76,95.58
82059,"M. Jean-Louis DUPONT",INDIVIDU,192,71.64,94.11
82059,"Mme Evelyne LOVATO",INDIVIDU,188,70.14,92.15
82059,"M. Michel ESCARNOT",INDIVIDU,172,64.17,84.31
82059,"M. Yoann MIRADA",INDIVIDU,168,62.68,82.35
82060,"M. Jérôme SOULIÉ",INDIVIDU,128,71.50,94.81
82060,"Mme Estelle LARIE",INDIVIDU,127,70.94,94.07
82060,"M. Éric BOYER",INDIVIDU,127,70.94,94.07
82060,"M. Pierre VIEILLEVIGNE",INDIVIDU,127,70.94,94.07
82060,"M. Michel AUCLERC-GALLAND",INDIVIDU,124,69.27,91.85
82060,"M. Jacques CHRISTOPHE",INDIVIDU,124,69.27,91.85
82060,"M. Hervé ASTRUC",INDIVIDU,123,68.71,91.11
82060,"M. Jean-Pierre SALSE",INDIVIDU,121,67.59,89.62
82060,"Mme Béatrice HUBESCH",INDIVIDU,118,65.92,87.40
82060,"M. Michel MOREL",INDIVIDU,115,64.24,85.18
82060,"M. Julien POUJAL",INDIVIDU,101,56.42,74.81
82061,"M. Jean-Louis BLANCHEZ",INDIVIDU,106,67.51,92.98
82061,"M. Jean-Luc ADELL",INDIVIDU,99,63.05,86.84
82061,"Mme Jennifer ON",INDIVIDU,99,63.05,86.84
82061,"Mme Pascale NOUALS",INDIVIDU,98,62.42,85.96
82061,"Mme Jane PASCOE",INDIVIDU,98,62.42,85.96
82061,"M. Jean-Louis JALBAUD",INDIVIDU,96,61.14,84.21
82061,"Mme Georgette ALRIC",INDIVIDU,95,60.50,83.33
82061,"M. René ROUX",INDIVIDU,94,59.87,82.45
82061,"M. Philippe BIGET",INDIVIDU,93,59.23,81.57
82061,"M. Jean-Claude CUBAYNES",INDIVIDU,84,53.50,73.68
82061,"Mme Brigitte AUDOUARD",INDIVIDU,65,41.40,57.01
82061,"M. Brice VINÇOTTE",INDIVIDU,32,20.38,28.07
82062,"M. Jean-François FERNANDEZ",LDVG,577,55.37,77.24
82062,"M. Francis SOUREIL",LSOC,170,16.31,22.75
82063,"M. Christian VIGNAUX",INDIVIDU,303,58.49,69.97
82063,"Mme Marie-Ange DELLUC",INDIVIDU,289,55.79,66.74
82063,"M. Albert VIRIATO",INDIVIDU,288,55.59,66.51
82063,"Mme Geneviève BELY",INDIVIDU,273,52.70,63.04
82063,"M. William RAVALEUX",INDIVIDU,272,52.50,62.81
82063,"M. Roland GRAULIER",INDIVIDU,266,51.35,61.43
82063,"Mme Élodie GRELLOU",INDIVIDU,266,51.35,61.43
82063,"M. René BÉQUIÉ",INDIVIDU,265,51.15,61.20
82063,"M. Robert DESCAZEAUX",INDIVIDU,263,50.77,60.73
82063,"M. Michel SOULA",INDIVIDU,263,50.77,60.73
82063,"M. Jean FILIPE",INDIVIDU,261,50.38,60.27
82063,"Mme Jocelyne DASTE",INDIVIDU,261,50.38,60.27
82063,"M. Michel GILLES",INDIVIDU,257,49.61,59.35
82063,"M. Jean-Pierre VIT",INDIVIDU,253,48.84,58.42
82063,"M. Guy ASTIÉ",INDIVIDU,252,48.64,58.19
82063,"Mme Éléonore ROQUES",INDIVIDU,239,46.13,55.19
82063,"M. Jean-Guy JAUBERT",INDIVIDU,168,32.43,38.79
82063,"M. Luc LEPLUS",INDIVIDU,165,31.85,38.10
82063,"Mme Laëtitia ETIENNE",INDIVIDU,159,30.69,36.72
82063,"Mme Valérie ALIBERT-PIGEAUX",INDIVIDU,157,30.30,36.25
82063,"Mme Émilie CORBILLON",INDIVIDU,157,30.30,36.25
82063,"M. Jean-Paul FALBY",INDIVIDU,157,30.30,36.25
82063,"Mme Karine OLANIER",INDIVIDU,150,28.95,34.64
82063,"M. Philippe BROUSSE",INDIVIDU,146,28.18,33.71
82063,"M. Jean-Christophe BATS",INDIVIDU,142,27.41,32.79
82063,"M. Serge DESMONS",INDIVIDU,142,27.41,32.79
82063,"Mme Valérie BILLA",INDIVIDU,137,26.44,31.63
82063,"M. René JOURDAIN",INDIVIDU,135,26.06,31.17
82063,"Mme Gwenaëlle DIQUERO-BATS",INDIVIDU,135,26.06,31.17
82063,"M. Maurice MERIC",INDIVIDU,127,24.51,29.33
82063,"M. Patrice PIEULHET",INDIVIDU,10,1.93,2.30
82063,"M. Frédéric DE MATA",INDIVIDU,0,0.00,0.00
82064,"M. Claude MAYBON",INDIVIDU,67,65.68,77.90
82064,"M. Philippe TONIN",INDIVIDU,63,61.76,73.25
82064,"M. Lionel DE PAOLI",INDIVIDU,62,60.78,72.09
82064,"M. Jean-Jacques TONIN",INDIVIDU,62,60.78,72.09
82064,"M. Cedric MIQUEL-CONSTANS",INDIVIDU,58,56.86,67.44
82064,"M. Stéphane CONSTANS",INDIVIDU,51,50.00,59.30
82064,"Mme Francine CLAISSE",INDIVIDU,48,47.05,55.81
82064,"Mme Martine BÉGUÉ",INDIVIDU,47,46.07,54.65
82064,"M. Laurent TRICOTTET",INDIVIDU,44,43.13,51.16
82064,"M. Laurent BONNECAZE",INDIVIDU,43,42.15,50.00
82064,"M. Jean-Claude AMIEL",INDIVIDU,42,41.17,48.83
82064,"Mme Maryvonne LE GUEN",INDIVIDU,42,41.17,48.83
82064,"M. Patrick DEMBLANS",INDIVIDU,39,38.23,45.34
82064,"Mme Marie DUGNE",INDIVIDU,38,37.25,44.18
82064,"Mme Sylvie MATHIEU",INDIVIDU,32,31.37,37.20
82065,"Mme Stéphanie HUGOT-LOM",INDIVIDU,193,52.58,59.93
82065,"M. Jean-Pierre ALAZARD",INDIVIDU,192,52.31,59.62
82065,"M. Marc FOUCAULT",INDIVIDU,191,52.04,59.31
82065,"M. Jean-François LEMIEUX",INDIVIDU,191,52.04,59.31
82065,"M. Jean-Claude LETOURMY",INDIVIDU,190,51.77,59.00
82065,"M. Claude GRANIOU",INDIVIDU,190,51.77,59.00
82065,"Mme Brigitte LALIX",INDIVIDU,190,51.77,59.00
82065,"Mme Nicole DUNAS-COVINHES",INDIVIDU,190,51.77,59.00
82065,"M. Gregory TERLE",INDIVIDU,190,51.77,59.00
82065,"M. Alain SALLES",INDIVIDU,189,51.49,58.69
82065,"M. Christian SAZY",INDIVIDU,189,51.49,58.69
82065,"M. Jean-René DEBAISIEUX",INDIVIDU,130,35.42,40.37
82065,"M. Ludovic DESSIN",INDIVIDU,130,35.42,40.37
82065,"M. Sylvain HUGON",INDIVIDU,129,35.14,40.06
82065,"Mme Séverine FOURNIE-CHAUVE",INDIVIDU,129,35.14,40.06
82065,"M. Nicolas ONEDA",INDIVIDU,128,34.87,39.75
82065,"M. Vincent DOMEC",INDIVIDU,128,34.87,39.75
82065,"M. Alain PANCOU",INDIVIDU,128,34.87,39.75
82065,"Mme Florence BERGIA",INDIVIDU,127,34.60,39.44
82065,"Mme Patricia LARDINI",INDIVIDU,127,34.60,39.44
82065,"Mme Claudine DORDÉ",INDIVIDU,125,34.05,38.81
82065,"M. Philippe TOURTOIS",INDIVIDU,125,34.05,38.81
82066,"M. Matthieu PESSATO",INDIVIDU,279,59.61,92.38
82066,"Mme Séverine JACQUES",INDIVIDU,276,58.97,91.39
82066,"M. Maxime LOUPIAS",INDIVIDU,276,58.97,91.39
82066,"M. Jean-Marie MOREIRA",INDIVIDU,275,58.76,91.05
82066,"Mme Nadine PIDOFF",INDIVIDU,274,58.54,90.72
82066,"Mme Caroline CRESTIAN",INDIVIDU,271,57.90,89.73
82066,"M. Pierre DESQUINES",INDIVIDU,271,57.90,89.73
82066,"Mme Anne-Sophie SACHOT",INDIVIDU,269,57.47,89.07
82066,"Mme Leila MALGOUYRES",INDIVIDU,267,57.05,88.41
82066,"M. Jean-François CLAUSSE",INDIVIDU,259,55.34,85.76
82066,"M. Laurent CLERIN",INDIVIDU,258,55.12,85.43
82066,"Mme Jocelyne PAGA",INDIVIDU,257,54.91,85.09
82066,"M. Pascal ESCALETTE",INDIVIDU,251,53.63,83.11
82066,"Mme Catherine DARRIGAN",INDIVIDU,248,52.99,82.11
82066,"Mme Marion RIGAUD",INDIVIDU,239,51.06,79.13
82067,"Mme Francine FABAROL",INDIVIDU,77,81.91,98.71
82067,"Mme Danièle DUPUY",INDIVIDU,77,81.91,98.71
82067,"M. André GRANDPRAT",INDIVIDU,74,78.72,94.87
82067,"M. Christian DELUC",INDIVIDU,74,78.72,94.87
82067,"M. Thierry DALBIN",INDIVIDU,73,77.65,93.58
82067,"M. Patrick LABURTHE",INDIVIDU,73,77.65,93.58
82067,"M. Dominique DEL MARCO",INDIVIDU,73,77.65,93.58
82067,"M. Salvador LOPEZ",INDIVIDU,72,76.59,92.30
82067,"Mme Marie-Pierre NOBY",INDIVIDU,72,76.59,92.30
82067,"Mme Valérie DUPOUY",INDIVIDU,71,75.53,91.02
82067,"M. Serge SERRE",INDIVIDU,66,70.21,84.61
82068,"M. Michel DUMOUCH",INDIVIDU,111,68.51,87.40
82068,"M. Jean-Francois ANGLADE",INDIVIDU,109,67.28,85.82
82068,"M. Michel DAMIOT",INDIVIDU,109,67.28,85.82
82068,"Mme Danielle FORLANI",INDIVIDU,109,67.28,85.82
82068,"M. Jean-Jacques DIRAT",INDIVIDU,109,67.28,85.82
82068,"Mme Marilys LAGARRIGUE",INDIVIDU,106,65.43,83.46
82068,"M. Olivier GASQUET",INDIVIDU,106,65.43,83.46
82068,"M. Jean TAUPIAC",INDIVIDU,105,64.81,82.67
82068,"M. Rémy VERVIALLE",INDIVIDU,101,62.34,79.52
82068,"Mme Séverine GIRAULT",INDIVIDU,101,62.34,79.52
82068,"M. Bernard DIANA",INDIVIDU,99,61.11,77.95
82068,"M. Benoit DAMIOT",INDIVIDU,27,16.66,21.25
82068,"M. Louis DAMIOT",INDIVIDU,24,14.81,18.89
82069,"M. Damien CABADY",INDIVIDU,86,44.79,54.08
82069,"Mme Cécile LAFON",INDIVIDU,85,44.27,53.45
82069,"Mme Michèle GAUNE",INDIVIDU,85,44.27,53.45
82069,"M. Frédéric AMIEL",INDIVIDU,84,43.75,52.83
82069,"Mme Evelyne ARDOUREL",INDIVIDU,83,43.22,52.20
82069,"M. Jean COUTANCIER",INDIVIDU,83,43.22,52.20
82069,"M. Claude DANIÉ",INDIVIDU,82,42.70,51.57
82069,"M. André VIVEN",INDIVIDU,82,42.70,51.57
82069,"Mme Brigitte COUTANCIER",INDIVIDU,81,42.18,50.94
82069,"Mme Yolande GIROUSSENS",INDIVIDU,80,41.66,50.31
82069,"M. Jacques ESPIE",INDIVIDU,79,41.14,49.68
82069,"M. Philippe FEUTRIER",INDIVIDU,78,40.62,49.05
82069,"M. Patrick MOUILHAC",INDIVIDU,78,40.62,49.05
82069,"Mme Emma LEBELLE",INDIVIDU,77,40.10,48.42
82069,"Mme Marie-José MARTY",INDIVIDU,77,40.10,48.42
82069,"M. Adrien VILLESSAUD",INDIVIDU,76,39.58,47.79
82069,"M. Daniel BRUIJSTERS",INDIVIDU,76,39.58,47.79
82069,"Mme Hilary CABORN",INDIVIDU,75,39.06,47.16
82069,"M. Jean Paul GALIBERT",INDIVIDU,75,39.06,47.16
82069,"M. Laurent ARDOUREL",INDIVIDU,75,39.06,47.16
82069,"M. Jean-Louis CADILHAC",INDIVIDU,74,38.54,46.54
82069,"Mme Doriane BONATI",INDIVIDU,72,37.50,45.28
82070,"M. Franck ALLADIO",INDIVIDU,40,81.63,100.00
82070,"Mme Françoise DABASSE",INDIVIDU,40,81.63,100.00
82070,"M. Michel BISETTO",INDIVIDU,40,81.63,100.00
82070,"M. Claude RENARD",INDIVIDU,39,79.59,97.50
82070,"M. Philippe FORLANI",INDIVIDU,38,77.55,95.00
82070,"Mme Vanessa LELIEVRE",INDIVIDU,35,71.42,87.50
82070,"M. Joël CASTELLS",INDIVIDU,33,67.34,82.50
82071,"M. Michel BAQUÉ",INDIVIDU,32,96.96,100.00
82071,"M. Jean-Claude SENTIS",INDIVIDU,32,96.96,100.00
82071,"M. Georges CAU",INDIVIDU,32,96.96,100.00
82071,"M. Henri SER",INDIVIDU,32,96.96,100.00
82071,"M. Didier LAPORTE",INDIVIDU,32,96.96,100.00
82071,"M. Michel MOULY",INDIVIDU,32,96.96,100.00
82071,"Mme Fanny RIZZETTO ÉPOUSE DUPONT",INDIVIDU,32,96.96,100.00
82072,"Mme Marie-Céline CALERA",INDIVIDU,488,70.62,97.79
82072,"M. Patrick DELAS",INDIVIDU,487,70.47,97.59
82072,"M. Laurent CAUSSADE",INDIVIDU,487,70.47,97.59
82072,"Mme Jeannine OLIVARES",INDIVIDU,482,69.75,96.59
82072,"M. André DEPASSE",INDIVIDU,482,69.75,96.59
82072,"Mme Marie RICART",INDIVIDU,482,69.75,96.59
82072,"M. Alexis CALAFAT",INDIVIDU,482,69.75,96.59
82072,"M. Jean BOURRIAGUE",INDIVIDU,480,69.46,96.19
82072,"Mme Maryse COMBELLE",INDIVIDU,479,69.31,95.99
82072,"M. Gilles CAVEREAU",INDIVIDU,478,69.17,95.79
82072,"M. Didier WALASZEK",INDIVIDU,475,68.74,95.19
82072,"Mme Guilaine HEBRARD",INDIVIDU,470,68.01,94.18
82072,"M. Laurent TAUZIEDE",INDIVIDU,468,67.72,93.78
82072,"Mme Christelle CUVELIER",INDIVIDU,461,66.71,92.38
82072,"Mme Geneviève BECKER",INDIVIDU,436,63.09,87.37
82073,"Mme Myriam PEDESSEAU",INDIVIDU,437,62.78,97.98
82073,"M. Thierry MERLE",INDIVIDU,431,61.92,96.63
82073,"Mme Corinne BOISSY",INDIVIDU,427,61.35,95.73
82073,"M. Xavier TIJOU",INDIVIDU,427,61.35,95.73
82073,"Mme Andrée ISETTI",INDIVIDU,426,61.20,95.51
82073,"Mme Barbara SIRVENT",INDIVIDU,425,61.06,95.29
82073,"M. Claude NALE",INDIVIDU,420,60.34,94.17
82073,"M. Daniel BOUYAT",INDIVIDU,414,59.48,92.82
82073,"Mme Françoise QUENTEL",INDIVIDU,411,59.05,92.15
82073,"Mme Rose-Marie SPIANDORE",INDIVIDU,408,58.62,91.47
82073,"M. Didier BASCOUL",INDIVIDU,404,58.04,90.58
82073,"M. Dominique LACHEZE",INDIVIDU,401,57.61,89.91
82073,"M. Philippe SCHROEDER",INDIVIDU,397,57.04,89.01
82073,"Mme Jacqueline GROUSSOLE",INDIVIDU,391,56.17,87.66
82073,"M. Jean-Pierre PARISSE",INDIVIDU,382,54.88,85.65
82074,"M. Claude TRIFFAULT",INDIVIDU,69,58.47,63.30
82074,"M. Denys BORDES",INDIVIDU,61,51.69,55.96
82074,"Mme Claudine VILLADIEU",INDIVIDU,60,50.84,55.04
82074,"M. Christian SERRES",INDIVIDU,60,50.84,55.04
82074,"Mme Stéphanie BORDES",INDIVIDU,60,50.84,55.04
82074,"Mme Véronique WINGTAN",INDIVIDU,58,49.15,53.21
82074,"Mme Isabelle FAISANT",INDIVIDU,55,46.61,50.45
82074,"M. Christian DONNET",INDIVIDU,54,45.76,49.54
82074,"Mme Maryse ETIENNE",INDIVIDU,53,44.91,48.62
82074,"Mme Hélène GUYON LE BOUFFY",INDIVIDU,53,44.91,48.62
82074,"Mme Pierrette CANDELON",INDIVIDU,50,42.37,45.87
82074,"M. Bernard CORBIÈRE",INDIVIDU,49,41.52,44.95
82074,"M. Dirk ZWARTBOL",INDIVIDU,47,39.83,43.11
82074,"Mme Stephanie NEDELEC",INDIVIDU,45,38.13,41.28
82074,"M. Pierre SARTRE",INDIVIDU,45,38.13,41.28
82074,"M. Jean-Pierre ESTEBE",INDIVIDU,44,37.28,40.36
82074,"M. Joel MELLAC",INDIVIDU,43,36.44,39.44
82074,"Mme Patricia RUBY",INDIVIDU,43,36.44,39.44
82074,"M. Gérard ANDRIEUX",INDIVIDU,38,32.20,34.86
82075,"M. Patrick MARTY",LDVG,1016,39.13,59.34
82075,"M. Serge CASTELLA",LDVD,696,26.81,40.65
82076,"M. Eric MOUNIE",LDVD,294,23.27,30.21
82076,"M. Michel LAMOLINAIRIE",LDVG,679,53.76,69.78
82077,"M. Alain DUPEYRE",INDIVIDU,213,71.23,98.15
82077,"M. Maurice LAUZELY",INDIVIDU,209,69.89,96.31
82077,"M. Serge RESSIJAC",INDIVIDU,208,69.56,95.85
82077,"M. Jean-Claude HEBRARD",INDIVIDU,207,69.23,95.39
82077,"M. Stephane BEC",INDIVIDU,203,67.89,93.54
82077,"Mme Sandrine ROUSSEL",INDIVIDU,202,67.55,93.08
82077,"M. André BERNADOU",INDIVIDU,201,67.22,92.62
82077,"Mme Michéle CALVET",INDIVIDU,200,66.88,92.16
82077,"M. Bernard NOUGAYREDE",INDIVIDU,200,66.88,92.16
82077,"Mme Angélique DESSAUX",INDIVIDU,193,64.54,88.94
82077,"M. Denis GUINOUNET",INDIVIDU,179,59.86,82.48
82078,"M. Jean-Pierre PRADAL",INDIVIDU,99,75.00,93.39
82078,"Mme Christelle FOURTANET",INDIVIDU,93,70.45,87.73
82078,"Mme Marie-Pierre PERIE",INDIVIDU,92,69.69,86.79
82078,"M. Jean-Michel ROUMIGUIE",INDIVIDU,92,69.69,86.79
82078,"M. David BORDERIE",INDIVIDU,89,67.42,83.96
82078,"M. Pascal MALRIC",INDIVIDU,86,65.15,81.13
82078,"Mme Rosine MADDELEIN",INDIVIDU,84,63.63,79.24
82078,"Mme Francine GARCIA",INDIVIDU,81,61.36,76.41
82078,"M. Régis BONESTEVE",INDIVIDU,77,58.33,72.64
82078,"M. Patrick ROUMIGUIE",INDIVIDU,77,58.33,72.64
82078,"Mme Stéphanie BOUNIOU",INDIVIDU,77,58.33,72.64
82079,"M. David PELLICER",LDVG,191,7.38,11.61
82079,"M. Jérôme BEQ",LDVG,1015,39.21,61.70
82079,"M. Géraud ARBEAU",LDVG,439,16.96,26.68
82080,"M. Kléber LEYGUE",LUDI,348,46.15,100.00
82081,"M. Bernard SAINT-SARDOS",INDIVIDU,77,58.77,70.00
82081,"Mme Séverine BÉGUÉ",INDIVIDU,77,58.77,70.00
82081,"M. Jean-Pierre CADIOU",INDIVIDU,75,57.25,68.18
82081,"M. Jean-Pierre ROUSSET",INDIVIDU,74,56.48,67.27
82081,"Mme Marie-Joëlle DELMAS",INDIVIDU,73,55.72,66.36
82081,"M. Christian DREUILHE",INDIVIDU,73,55.72,66.36
82081,"Mme Émilie VERLHAC",INDIVIDU,71,54.19,64.54
82081,"M. Hugues SAMAIN",INDIVIDU,70,53.43,63.63
82081,"Mme Lisa ANGELINO",INDIVIDU,70,53.43,63.63
82081,"M. Patrick CHAUBET",INDIVIDU,68,51.90,61.81
82081,"M. William PROTIN",INDIVIDU,64,48.85,58.18
82081,"M. Thierry BOLZONI",INDIVIDU,47,35.87,42.72
82081,"M. André CHANCHE",INDIVIDU,44,33.58,40.00
82081,"M. Christophe BEYT",INDIVIDU,41,31.29,37.27
82081,"Mme Pascale DUPRÉ",INDIVIDU,41,31.29,37.27
82081,"M. René PERPERE",INDIVIDU,38,29.00,34.54
82081,"M. Claude BRU",INDIVIDU,37,28.24,33.63
82081,"M. Régis DUSSEAU",INDIVIDU,36,27.48,32.72
82081,"M. Gilles SERIE",INDIVIDU,33,25.19,30.00
82082,"M. Didier MARTY",INDIVIDU,111,66.07,88.80
82082,"Mme Nathalie DEJEAN",INDIVIDU,109,64.88,87.20
82082,"M. Lionel AZAM",INDIVIDU,106,63.09,84.80
82082,"M. Vincent DELCOL",INDIVIDU,106,63.09,84.80
82082,"M. Emmanuel GRATEAU",INDIVIDU,104,61.90,83.20
82082,"Mme Magaly DELPORTE",INDIVIDU,103,61.30,82.40
82082,"Mme Monique MEDAL",INDIVIDU,103,61.30,82.40
82082,"Mme Magali BRASSAC",INDIVIDU,103,61.30,82.40
82082,"M. David VINEL",INDIVIDU,103,61.30,82.40
82082,"M. Dominique FRAYSSE",INDIVIDU,103,61.30,82.40
82082,"M. Jean-Philippe VIGUIE",INDIVIDU,101,60.11,80.80
82082,"M. Gaëtan BOSSION",INDIVIDU,32,19.04,25.60
82083,"M. Jean-Marc NICOLAS",INDIVIDU,77,79.38,93.90
82083,"Mme Sandrine GACHIES",INDIVIDU,68,70.10,82.92
82083,"M. Jean-Claude CAVIN",INDIVIDU,66,68.04,80.48
82083,"M. Didier MERIOCHAUD",INDIVIDU,66,68.04,80.48
82083,"M. Bernard VANNESTE",INDIVIDU,64,65.97,78.04
82083,"M. Philippe MAZZANTI",INDIVIDU,62,63.91,75.60
82083,"Mme Céline MULARD",INDIVIDU,60,61.85,73.17
82083,"M. Marcel GASQUET",INDIVIDU,58,59.79,70.73
82083,"M. Christophe TAGLIAFERRI",INDIVIDU,55,56.70,67.07
82083,"Mme Pascale SOURBIER",INDIVIDU,55,56.70,67.07
82083,"M. Jean-Marc CINATO",INDIVIDU,47,48.45,57.31
82083,"M. Vincent MEUNIER",INDIVIDU,42,43.29,51.21
82084,"M. Charlie JEAMMET",INDIVIDU,95,67.85,92.23
82084,"M. Guillaume GARRET",INDIVIDU,92,65.71,89.32
82084,"M. Roger ROUX",INDIVIDU,88,62.85,85.43
82084,"M. Patrick HYGONENQ",INDIVIDU,87,62.14,84.46
82084,"Mme Marie-Hélène NOYER",INDIVIDU,86,61.42,83.49
82084,"M. Françis VIALARET",INDIVIDU,86,61.42,83.49
82084,"Mme Chantal PETIT",INDIVIDU,86,61.42,83.49
82084,"Mme Simone ZALEWSKY",INDIVIDU,85,60.71,82.52
82084,"M. Gilles NOUGAREDE",INDIVIDU,85,60.71,82.52
82084,"M. Didier LAVERGNE",INDIVIDU,82,58.57,79.61
82084,"Mme Christine ROUCHY",INDIVIDU,81,57.85,78.64
82085,"Mme Françoise PIZZINI",LDVG,457,54.99,100.00
82086,"Mme Sylvie COSTE",INDIVIDU,158,75.96,94.61
82086,"Mme Sophie DUBOY",INDIVIDU,150,72.11,89.82
82086,"M. Michel MASSON",INDIVIDU,149,71.63,89.22
82086,"Mme Geneviève PAIN",INDIVIDU,149,71.63,89.22
82086,"Mme Vanessa GONZALES",INDIVIDU,148,71.15,88.62
82086,"Mme Nathalie AUBRY",INDIVIDU,147,70.67,88.02
82086,"M. Williams PÉNEAU",INDIVIDU,146,70.19,87.42
82086,"M. Jean FÉGNÉ",INDIVIDU,144,69.23,86.22
82086,"M. Richard WINCHURCH-BEALE",INDIVIDU,142,68.26,85.02
82086,"M. Joël BONNEFOI",INDIVIDU,141,67.78,84.43
82086,"M. Didier DELLAC",INDIVIDU,138,66.34,82.63
82087,"M. Patrick SOULHAC",LDVG,673,29.29,39.24
82087,"M. Thierry DELBREIL",LDVG,1042,45.36,60.75
82088,"M. Bernard BOUYSSIERE",INDIVIDU,312,57.56,84.78
82088,"Mme Karine MALLEVILLE",INDIVIDU,302,55.71,82.06
82088,"M. Bernard MAGES",INDIVIDU,300,55.35,81.52
82088,"M. Boris CHRISMANT",INDIVIDU,283,52.21,76.90
82088,"M. Jean-Claude SAVIGNAC",INDIVIDU,281,51.84,76.35
82088,"M. Christopher BALDWIN",INDIVIDU,277,51.10,75.27
82088,"M. Frédéric SEMPER",INDIVIDU,276,50.92,75.00
82088,"Mme Annick IGLESIAS",INDIVIDU,275,50.73,74.72
82088,"Mme Geneviève LEGRAND",INDIVIDU,275,50.73,74.72
82088,"Mme Sandrine CROS",INDIVIDU,262,48.33,71.19
82088,"M. Jean-Paul HEBRARD",INDIVIDU,257,47.41,69.83
82088,"M. Christian FABRE",INDIVIDU,249,45.94,67.66
82088,"M. Aurélien GARRIGUES",INDIVIDU,241,44.46,65.48
82088,"Mme Gaby ROUMIGUIERES",INDIVIDU,229,42.25,62.22
82088,"Mme Ghislaine MARTINEZ",INDIVIDU,219,40.40,59.51
82089,"M. Philippe LONGO",LDVG,198,26.50,37.71
82089,"M. Bernard DOUSSON",LDVG,201,26.90,38.28
82089,"M. Jean-Louis COUDIN",LDVG,126,16.86,24.00
82090,"M. Alain GABACH",LDVD,403,48.61,100.00
82091,"M. Patrice BIASOTTO",INDIVIDU,80,80.00,98.76
82091,"Mme Fanny SAINT-GERMAIN",INDIVIDU,80,80.00,98.76
82091,"Mme Lyliane BOUDONNE",INDIVIDU,80,80.00,98.76
82091,"M. Rodolphe CALDERAN",INDIVIDU,79,79.00,97.53
82091,"M. Jean-Pierre DABASSE",INDIVIDU,78,78.00,96.29
82091,"M. Serge MELLAC",INDIVIDU,77,77.00,95.06
82091,"Mme Hélène WOLBERT",INDIVIDU,76,76.00,93.82
82091,"Mme Christelle CHATARD",INDIVIDU,76,76.00,93.82
82091,"Mme Ingrid THAU",INDIVIDU,74,74.00,91.35
82091,"M. René THAU",INDIVIDU,74,74.00,91.35
82091,"M. Guy BELFILS",INDIVIDU,72,72.00,88.88
82092,"Mme Francine MARTY",INDIVIDU,125,67.56,81.69
82092,"M. Benjamin SOUPA",INDIVIDU,120,64.86,78.43
82092,"M. Maurice BISMES",INDIVIDU,118,63.78,77.12
82092,"M. Bertrand MORIN",INDIVIDU,117,63.24,76.47
82092,"Mme Carine NEGRE",INDIVIDU,117,63.24,76.47
82092,"Mme Catherine BOURZAT",INDIVIDU,114,61.62,74.50
82092,"M. Didier GUIGNARD",INDIVIDU,110,59.45,71.89
82092,"M. Florian CASTEBRUNET",INDIVIDU,109,58.91,71.24
82092,"M. Jean-Claude COURNUT",INDIVIDU,105,56.75,68.62
82092,"M. Stéphane LARROQUE",INDIVIDU,96,51.89,62.74
82092,"M. Marc VAN GYSEL",INDIVIDU,95,51.35,62.09
82092,"M. Jean-Claude TRESSENS",INDIVIDU,94,50.81,61.43
82093,"M. Éric DULAC",INDIVIDU,196,45.90,55.05
82093,"M. André WEBER",INDIVIDU,194,45.43,54.49
82093,"M. Jean-Pierre DUTOURON",INDIVIDU,193,45.19,54.21
82093,"Mme Pierrette CAYROU-SOBOL",INDIVIDU,193,45.19,54.21
82093,"Mme Marie-Christine CARETTE",INDIVIDU,193,45.19,54.21
82093,"Mme Delphine JULIAN ÉPOUSE DUPONT",INDIVIDU,193,45.19,54.21
82093,"M. Sébastien GUIRAUD",INDIVIDU,192,44.96,53.93
82093,"M. Michel MOMESSO",INDIVIDU,192,44.96,53.93
82093,"Mme Laurence TEDETTI NÉE MAYRAN",INDIVIDU,191,44.73,53.65
82093,"Mme Anne-Sophie PAGES ÉPOUSE PERON",INDIVIDU,190,44.49,53.37
82093,"M. Max CLAU",INDIVIDU,188,44.02,52.80
82093,"M. Mohamed SGHIR",INDIVIDU,188,44.02,52.80
82093,"Mme Arlette GUFFROY",INDIVIDU,186,43.55,52.24
82093,"Mme Carole FERRET OUVRIÉ",INDIVIDU,183,42.85,51.40
82093,"M. Ghislain DANGAS",INDIVIDU,181,42.38,50.84
82093,"M. Henri GUILLOT",INDIVIDU,172,40.28,48.31
82093,"M. Dominique GUIRAUD",INDIVIDU,170,39.81,47.75
82093,"M. Jean-Louis COUREAU",INDIVIDU,169,39.57,47.47
82093,"M. Didier THAU",INDIVIDU,169,39.57,47.47
82093,"Mme Claire BUFFO",INDIVIDU,165,38.64,46.34
82093,"Mme Marie-Thérèse DELPEYROUX",INDIVIDU,165,38.64,46.34
82093,"Mme Hayat EDDEGUESSE",INDIVIDU,164,38.40,46.06
82093,"M. André BARLIER",INDIVIDU,163,38.17,45.78
82093,"M. Armand CURCIO",INDIVIDU,162,37.93,45.50
82093,"Mme Anne-Sophie FAYEMENDY",INDIVIDU,161,37.70,45.22
82093,"M. Sébastien FALGA",INDIVIDU,159,37.23,44.66
82093,"M. Jean-Claude FAURIE",INDIVIDU,159,37.23,44.66
82093,"M. Francis BESSOU",INDIVIDU,157,36.76,44.10
82093,"Mme Hélène MEZIANE",INDIVIDU,155,36.29,43.53
82093,"Mme Christelle RAMON",INDIVIDU,151,35.36,42.41
82094,"Mme Josephine CHAMBON",LDIV,226,21.32,30.01
82094,"M. Jean-Claude GIORDANA",LDVG,527,49.71,69.98
82095,"M. Gwendal BEDEL",INDIVIDU,132,70.21,92.95
82095,"M. Fabrice CALVY",INDIVIDU,125,66.48,88.02
82095,"M. Guillaume VAYSSIERE",INDIVIDU,123,65.42,86.61
82095,"Mme Dominique BENARD",INDIVIDU,121,64.36,85.21
82095,"Mme Françoise ZAMBONI",INDIVIDU,113,60.10,79.57
82095,"M. Alain CUBAYNES",INDIVIDU,113,60.10,79.57
82095,"M. Didier QUELIN",INDIVIDU,113,60.10,79.57
82095,"M. Nils PASSEDAT",INDIVIDU,113,60.10,79.57
82095,"M. Eugène JOHAN",INDIVIDU,106,56.38,74.64
82095,"Mme Alexandra CAGNON",INDIVIDU,97,51.59,68.30
82095,"Mme Danielle VAUCOULEUR",INDIVIDU,85,45.21,59.85
82096,"M. Dominique BRIOIS",LDVD,536,29.46,42.67
82096,"Mme Monique LAHAINE",LDVD,407,22.37,32.40
82096,"M. André-Guy CAURO",LDVD,313,17.20,24.92
82097,"M. Francis GARRIGUES",LDVD,458,50.88,100.00
82098,"M. Roger COUSSERAND",LDVG,573,57.93,100.00
82099,"M. Bernard GARGUY",INDIVIDU,244,69.91,96.82
82099,"Mme Laurence QUILLARD",INDIVIDU,243,69.62,96.42
82099,"Mme Jessica ORLIAC",INDIVIDU,242,69.34,96.03
82099,"M. Julien MERIC",INDIVIDU,240,68.76,95.23
82099,"M. Laurent BELREPAYRE",INDIVIDU,236,67.62,93.65
82099,"M. Jean-Louis RIGHESSO",INDIVIDU,234,67.04,92.85
82099,"M. Romain VALEYE",INDIVIDU,234,67.04,92.85
82099,"M. Roberto GUMIERO",INDIVIDU,234,67.04,92.85
82099,"Mme Noëlle CASTEL",INDIVIDU,233,66.76,92.46
82099,"M. Uwe FREYTAG",INDIVIDU,231,66.18,91.66
82099,"Mme Patricia SAINT-PAUL",INDIVIDU,230,65.90,91.26
82099,"M. Jean-Louis BOUYSSET",INDIVIDU,229,65.61,90.87
82099,"M. Joël CACHARD",INDIVIDU,226,64.75,89.68
82099,"M. Gérard GAILLARD",INDIVIDU,224,64.18,88.88
82099,"Mme Michèle GIORDANA",INDIVIDU,224,64.18,88.88
82100,"M. Gilles BONSANG",INDIVIDU,75,59.52,64.65
82100,"Mme Jacqueline SAINT MARTIN",INDIVIDU,74,58.73,63.79
82100,"M. Nicolas GAVENS",INDIVIDU,74,58.73,63.79
82100,"M. Raymond BOULPICANTE",INDIVIDU,72,57.14,62.06
82100,"Mme Christel DIRICK",INDIVIDU,72,57.14,62.06
82100,"Mme Sylvie GASSIER",INDIVIDU,71,56.34,61.20
82100,"Mme Laetitia RENSONNET",INDIVIDU,70,55.55,60.34
82100,"Mme Jacqueline COWLEY",INDIVIDU,70,55.55,60.34
82100,"M. Mathieu FAUCON",INDIVIDU,69,54.76,59.48
82100,"M. David LAFFOND",INDIVIDU,69,54.76,59.48
82100,"M. Brian FRANKLIN",INDIVIDU,69,54.76,59.48
82100,"M. Anthony JACQUES",INDIVIDU,45,35.71,38.79
82100,"Mme Chantal MAISONOBE",INDIVIDU,44,34.92,37.93
82100,"Mme Huguette HERISSOU",INDIVIDU,43,34.12,37.06
82100,"M. Jean Claude MOURLHOU",INDIVIDU,42,33.33,36.20
82100,"M. Christian SERIN",INDIVIDU,42,33.33,36.20
82100,"Mme Marie Jeanne SUDRAT",INDIVIDU,41,32.53,35.34
82100,"M. Thierry GERMAIN",INDIVIDU,41,32.53,35.34
82100,"M. Jean Louis MABILLON",INDIVIDU,41,32.53,35.34
82100,"M. Ian AUSTIN",INDIVIDU,37,29.36,31.89
82100,"M. Pierre SAMARIA",INDIVIDU,37,29.36,31.89
82100,"Mme Nathalie SUDRAT",INDIVIDU,36,28.57,31.03
82101,"Mme Marie-Bernard MAERTEN",LUDI,350,42.32,55.73
82101,"M. Lucien BOUSSAC",LDVG,278,33.61,44.26
82102,"Mme Danielle GUIZOT",INDIVIDU,125,57.07,72.25
82102,"Mme Ginette BACH",INDIVIDU,122,55.70,70.52
82102,"M. Josian BOISSINOT",INDIVIDU,122,55.70,70.52
82102,"M. Didier CANDELON",INDIVIDU,121,55.25,69.94
82102,"M. Christophe DOUSTIN",INDIVIDU,115,52.51,66.47
82102,"M. Yves DUBURC",INDIVIDU,115,52.51,66.47
82102,"M. Christian BERTHET",INDIVIDU,113,51.59,65.31
82102,"M. Bernard GAYRIN",INDIVIDU,105,47.94,60.69
82102,"Mme Angelique DEBERT",INDIVIDU,104,47.48,60.11
82102,"M. Patrick BOUBÉES",INDIVIDU,93,42.46,53.75
82102,"Mme Vanessa ESCUDE",INDIVIDU,93,42.46,53.75
82102,"Mme Françoise GUYOT",INDIVIDU,91,41.55,52.60
82103,"Mme Christine DURAN",INDIVIDU,61,61.00,76.25
82103,"Mme Joëlle GOURMELON",INDIVIDU,61,61.00,76.25
82103,"Mme Béatrice BUTTIGIEG",INDIVIDU,59,59.00,73.75
82103,"M. Patrick RINALDI",INDIVIDU,58,58.00,72.50
82103,"M. Luc VANNI",INDIVIDU,54,54.00,67.50
82103,"M. Julien PUGES",INDIVIDU,54,54.00,67.50
82103,"M. Claude BUSSO",INDIVIDU,52,52.00,65.00
82103,"Mme Veronique DANIÈLE",INDIVIDU,51,51.00,63.75
82103,"Mme Arlette BERGON-TARRIBLE",INDIVIDU,48,48.00,60.00
82103,"M. Thierry BUSSO",INDIVIDU,48,48.00,60.00
82103,"Mme Eliane GILLMANN",INDIVIDU,47,47.00,58.75
82103,"M. Jean-Yves LANSADE",INDIVIDU,44,44.00,55.00
82103,"M. David AOUEILLE",INDIVIDU,36,36.00,45.00
82103,"Mme Nadine CANTON",INDIVIDU,31,31.00,38.75
82103,"M. Augustin RICOT",INDIVIDU,30,30.00,37.50
82103,"M. Jean-Pierre LE TOURNEUR",INDIVIDU,24,24.00,30.00
82104,"M. Thierry BIGOURDAN",INDIVIDU,110,85.93,93.22
82104,"M. Mathieu DE MARSAC",INDIVIDU,104,81.25,88.13
82104,"M. Denis TOUZAC",INDIVIDU,101,78.90,85.59
82104,"M. Daniel BECBEC",INDIVIDU,101,78.90,85.59
82104,"Mme Christine FRAYSSE",INDIVIDU,101,78.90,85.59
82104,"M. Michel LE GUILLOU",INDIVIDU,98,76.56,83.05
82104,"Mme Josiane LAFFORGUE",INDIVIDU,96,75.00,81.35
82104,"M. André AUZERIC",INDIVIDU,95,74.21,80.50
82104,"M. Frédéric MORANT",INDIVIDU,94,73.43,79.66
82104,"M. Yannick ALLEGRINI",INDIVIDU,87,67.96,73.72
82104,"Mme Marie-France CLAVÉ",INDIVIDU,84,65.62,71.18
82104,"M. Richard BAUGNIET",INDIVIDU,43,33.59,36.44
82105,"M. Jean-Claude TOULOUSE",LDVG,484,53.83,100.00
82106,"Mme Marie-Claude KAKIEL",INDIVIDU,87,64.44,71.31
82106,"M. René MONGE",INDIVIDU,84,62.22,68.85
82106,"M. Raymond MARY",INDIVIDU,80,59.25,65.57
82106,"M. Christian DIRAT",INDIVIDU,76,56.29,62.29
82106,"Mme Thérèse DIANA-JAMILLOUX",INDIVIDU,74,54.81,60.65
82106,"M. Jean-Claude FERRADOU",INDIVIDU,71,52.59,58.19
82106,"M. Jean-Yves MEVIS",INDIVIDU,70,51.85,57.37
82106,"Mme Monique CLAVERIE",INDIVIDU,70,51.85,57.37
82106,"M. Thibaut SAMSON",INDIVIDU,70,51.85,57.37
82106,"M. Max DAYREM",INDIVIDU,64,47.40,52.45
82106,"Mme Virginie QUINET",INDIVIDU,63,46.66,51.63
82106,"Mme Michèle BERNES EPOUSE BONASTRE",INDIVIDU,57,42.22,46.72
82106,"M. Jean RIEUNEAU",INDIVIDU,57,42.22,46.72
82106,"M. David CAMELOT",INDIVIDU,50,37.03,40.98
82106,"M. Gaëtan COUREAU",INDIVIDU,48,35.55,39.34
82106,"M. David AUGUSTE",INDIVIDU,46,34.07,37.70
82106,"Mme Genevieve BIMOUAT EPOUSE CHAUBET",INDIVIDU,45,33.33,36.88
82106,"M. Julien ZAMORA",INDIVIDU,41,30.37,33.60
82106,"M. Benoît LADEVEZE",INDIVIDU,40,29.62,32.78
82106,"Mme Brigitte LEFEVRE",INDIVIDU,39,28.88,31.96
82106,"Mme Georgette DAMASE",INDIVIDU,38,28.14,31.14
82106,"M. Jean-Claude ROUX",INDIVIDU,34,25.18,27.86
82107,"M. André BADOR",INDIVIDU,35,74.46,100.00
82107,"M. Stéphane FAUX",INDIVIDU,35,74.46,100.00
82107,"M. Jean-Marie BIOLATO",INDIVIDU,35,74.46,100.00
82107,"M. Patrick PRADINES",INDIVIDU,35,74.46,100.00
82107,"Mme Nadine BORRETTO",INDIVIDU,35,74.46,100.00
82107,"M. Daniel DABASSE",INDIVIDU,35,74.46,100.00
82107,"Mme Viviane DABASSE EPOUSE DAUZIECH",INDIVIDU,35,74.46,100.00
82108,"M. José LACOMBE",LDVD,504,55.44,100.00
82109,"M. Joël HURREAU",INDIVIDU,84,50.29,62.22
82109,"Mme Monique LIEURES",INDIVIDU,83,49.70,61.48
82109,"M. Franck DUROUEIX",INDIVIDU,83,49.70,61.48
82109,"M. Serge SERGAS",INDIVIDU,82,49.10,60.74
82109,"M. Philippe GARCIA",INDIVIDU,82,49.10,60.74
82109,"Mme Beatrice LAWRYNOWICZ",INDIVIDU,82,49.10,60.74
82109,"M. Laurent MOINEAU",INDIVIDU,77,46.10,57.03
82109,"M. Philippe FRAILE",INDIVIDU,76,45.50,56.29
82109,"Mme Anne COMBARIEU",INDIVIDU,75,44.91,55.55
82109,"M. Christian HOZJAN",INDIVIDU,74,44.31,54.81
82109,"M. Francis FEUTRIER",INDIVIDU,74,44.31,54.81
82109,"Mme Marie-Line GADACH",INDIVIDU,61,36.52,45.18
82109,"M. René MAZET",INDIVIDU,58,34.73,42.96
82109,"M. Pascal TOURNIÉ",INDIVIDU,57,34.13,42.22
82109,"M. Jean-Marc MAZET",INDIVIDU,57,34.13,42.22
82109,"Mme Anne-Marie AUTAN",INDIVIDU,55,32.93,40.74
82109,"M. Frédéric RICHARD",INDIVIDU,55,32.93,40.74
82109,"Mme Marie LAPORTE",INDIVIDU,54,32.33,40.00
82109,"M. Gérard BOUCHE",INDIVIDU,54,32.33,40.00
82109,"Mme Cécile LORIDAN",INDIVIDU,49,29.34,36.29
82109,"Mme Gisèle RIOL",INDIVIDU,47,28.14,34.81
82109,"M. Serge RIOL",INDIVIDU,46,27.54,34.07
82110,"M. Claude ROUSSELOU",LDVG,216,25.14,30.90
82110,"M. Jacques PAUTRIC",LDVD,483,56.22,69.09
82111,"Mme Sandrine GONZALES",INDIVIDU,158,61.47,95.75
82111,"M. Fernand THUERY",INDIVIDU,157,61.08,95.15
82111,"M. Christian CASTANIE",INDIVIDU,153,59.53,92.72
82111,"Mme Josiane BESSAT",INDIVIDU,149,57.97,90.30
82111,"M. Christian SAHUC",INDIVIDU,148,57.58,89.69
82111,"M. Jean-Claude CASTANIÉ",INDIVIDU,147,57.19,89.09
82111,"M. Stephane BLANCHET",INDIVIDU,145,56.42,87.87
82111,"M. Claude BOUYSSOU",INDIVIDU,144,56.03,87.27
82111,"M. Laurent ASTRUC",INDIVIDU,131,50.97,79.39
82111,"M. Pierre Jean MARTIN",INDIVIDU,120,46.69,72.72
82111,"M. Gilbert ROZES",INDIVIDU,116,45.13,70.30
82112,"M. Patrice CHARLES",LFN,1185,13.20,19.86
82112,"M. Jean-Michel HENRYOT",LDVD,1856,20.68,31.11
82112,"M. Jean-Paul NUNZI",LDVG,1420,15.82,23.80
82112,"M. Pierre GUILLAMAT",LUDI,1504,16.76,25.21
82113,"M. Jean-Francis SAHUC",LUDI,406,42.78,54.06
82113,"M. Guy HÉBRAL",LDVG,345,36.35,45.93
82114,"M. Jacques DUPPI",INDIVIDU,269,59.64,71.54
82114,"M. Alfred MARTY",INDIVIDU,269,59.64,71.54
82114,"Mme Josiane MIRTA",INDIVIDU,267,59.20,71.01
82114,"Mme Sabine CONTIVAL",INDIVIDU,266,58.98,70.74
82114,"M. Olivier BALLET",INDIVIDU,266,58.98,70.74
82114,"Mme Sandrine MINUZZI",INDIVIDU,265,58.75,70.47
82114,"Mme Valérie ANDREIS",INDIVIDU,264,58.53,70.21
82114,"M. Michel OLIVIER",INDIVIDU,264,58.53,70.21
82114,"M. Serge BIENKOWSKI",INDIVIDU,264,58.53,70.21
82114,"Mme Laëtitia MAUX",INDIVIDU,264,58.53,70.21
82114,"M. Romain MARTINEZ",INDIVIDU,261,57.87,69.41
82114,"Mme Véronique MICHEL-OPERTI",INDIVIDU,259,57.42,68.88
82114,"M. Ludovic SILVE",INDIVIDU,257,56.98,68.35
82114,"Mme Alix GROSSO-SANCHEZ",INDIVIDU,257,56.98,68.35
82114,"M. Georges MICHELIN",INDIVIDU,257,56.98,68.35
82114,"M. Francis GRAMAGLIA",INDIVIDU,108,23.94,28.72
82114,"M. Roger LAMOUROUX",INDIVIDU,105,23.28,27.92
82114,"Mme Véronique DESIR",INDIVIDU,105,23.28,27.92
82114,"Mme Angélique LAFONT",INDIVIDU,102,22.61,27.12
82114,"M. Jean-Luc LOEHLE",INDIVIDU,101,22.39,26.86
82114,"M. Michel LAGRAVERE",INDIVIDU,100,22.17,26.59
82114,"M. Wilfried MIZON",INDIVIDU,99,21.95,26.32
82114,"Mme Monique MOUNEYRAC",INDIVIDU,98,21.72,26.06
82114,"M. Bernard ESTELLE",INDIVIDU,97,21.50,25.79
82114,"Mme Béatrice FRAUDET",INDIVIDU,96,21.28,25.53
82114,"M. Georges SIDIBE DIT LAJOUS",INDIVIDU,96,21.28,25.53
82114,"M. Serge CASSAGNEAU",INDIVIDU,96,21.28,25.53
82114,"M. Guy CONVERS",INDIVIDU,95,21.06,25.26
82114,"M. Christophe BOUILLE",INDIVIDU,95,21.06,25.26
82114,"Mme Monique MINGAM-PULCHERIE",INDIVIDU,94,20.84,25.00
82114,"M. Jean Claude ESTELLÉ",INDIVIDU,19,4.21,5.05
82115,"M. Francis POVERT",LUDI,152,12.15,16.39
82115,"M. Jean-Paul ALBERT",LUDI,558,44.60,60.19
82115,"M. Damien ROQUES",LDVG,217,17.34,23.40
82116,"M. Stéphane LAFAYE",INDIVIDU,120,71.00,100.00
82116,"M. Thierry LOLMEDE",INDIVIDU,120,71.00,100.00
82116,"Mme Evelyne CORRECH",INDIVIDU,120,71.00,100.00
82116,"M. Louis DONZELLI",INDIVIDU,119,70.41,99.16
82116,"M. Raymond GASC",INDIVIDU,114,67.45,95.00
82116,"Mme Valérie BOULVE",INDIVIDU,114,67.45,95.00
82116,"Mme Charlotte RYDER EPOUSE WILLIAMS",INDIVIDU,111,65.68,92.50
82116,"M. Guy BERNARD",INDIVIDU,109,64.49,90.83
82116,"M. Jean PRADIN",INDIVIDU,105,62.13,87.50
82116,"M. Philippe LASGUIGNES",INDIVIDU,102,60.35,85.00
82116,"M. Jean BENOIS",INDIVIDU,97,57.39,80.83
82117,"M. Robert ALAZARD",LDVG,497,47.28,100.00
82118,"M. Vincent SALAT",INDIVIDU,68,78.16,94.44
82118,"M. Jean-Robert STEFF",INDIVIDU,65,74.71,90.27
82118,"M. Pierre DELLUC",INDIVIDU,63,72.41,87.50
82118,"Mme Marie-Christine SALESSES",INDIVIDU,61,70.11,84.72
82118,"M. Samir LARBI",INDIVIDU,60,68.96,83.33
82118,"M. Damien BERNAT",INDIVIDU,59,67.81,81.94
82118,"Mme Danielle CAPDORDY",INDIVIDU,59,67.81,81.94
82118,"M. Christophe LABOULBENE",INDIVIDU,58,66.66,80.55
82118,"Mme Marie-Luce BERGÉ",INDIVIDU,57,65.51,79.16
82118,"Mme Françoise JOSSET",INDIVIDU,57,65.51,79.16
82118,"M. Vincent CAMBON",INDIVIDU,51,58.62,70.83
82119,"M. Bernard MÉRAVILLES",INDIVIDU,338,65.00,93.62
82119,"M. Christian LAFON",INDIVIDU,337,64.80,93.35
82119,"M. Nicolas ROBERT",INDIVIDU,334,64.23,92.52
82119,"Mme Danielle ESCROUZAILLES",INDIVIDU,334,64.23,92.52
82119,"M. Eric DELBREIL",INDIVIDU,331,63.65,91.68
82119,"M. Lucien RIBANO",INDIVIDU,330,63.46,91.41
82119,"Mme Josiane MIQUEL",INDIVIDU,329,63.26,91.13
82119,"M. Thierry VERGNES",INDIVIDU,329,63.26,91.13
82119,"M. Jean-Claude SICARD",INDIVIDU,328,63.07,90.85
82119,"M. Jean-Louis ANDRIEU",INDIVIDU,327,62.88,90.58
82119,"M. Olivier CRABIÉ",INDIVIDU,327,62.88,90.58
82119,"Mme Blandine LARTIGUE",INDIVIDU,326,62.69,90.30
82119,"Mme Monique NAUROY",INDIVIDU,325,62.50,90.02
82119,"M. Yves VAYSSIÉ",INDIVIDU,324,62.30,89.75
82119,"Mme Christine DELPEYROU",INDIVIDU,317,60.96,87.81
82120,"M. Jean-Luc SILOT",INDIVIDU,184,70.22,96.33
82120,"M. Serge TURELLA",INDIVIDU,184,70.22,96.33
82120,"Mme Josette KÜHN",INDIVIDU,182,69.46,95.28
82120,"M. Jérôme BERTRAND",INDIVIDU,180,68.70,94.24
82120,"M. Alain QUERCY",INDIVIDU,180,68.70,94.24
82120,"Mme Jeanne IVERSENC",INDIVIDU,180,68.70,94.24
82120,"M. Daniel LACROUX",INDIVIDU,179,68.32,93.71
82120,"M. Alain VERGNES",INDIVIDU,177,67.55,92.67
82120,"M. Christian LABARTHE",INDIVIDU,174,66.41,91.09
82120,"M. Charles MALMON",INDIVIDU,172,65.64,90.05
82120,"Mme Mériem MARCADAL",INDIVIDU,172,65.64,90.05
82121,"Mme Marie-Claude BOUYSSI",LDVG,3037,7.65,11.75
82121,"M. Thierry VIALLON",LFN,3502,8.82,13.55
82121,"M. Roland GARRIGUES",LUG,7180,18.09,27.79
82121,"M. Richard BLANCO",LEXG,442,1.11,1.71
82121,"Mme Brigitte BAREGES",LUD,11671,29.41,45.18
82122,"M. Jean-Paul RICHARD",INDIVIDU,95,65.97,92.23
82122,"M. Christophe LAFARGUE",INDIVIDU,83,57.63,80.58
82122,"Mme Sonia DECON",INDIVIDU,76,52.77,73.78
82122,"Mme Catherine MORO",INDIVIDU,76,52.77,73.78
82122,"M. Michel GLADINE",INDIVIDU,72,50.00,69.90
82122,"Mme Valérie BAS-JEAN DIT DENIAUD",INDIVIDU,71,49.30,68.93
82122,"M. Jacques BLEU",INDIVIDU,71,49.30,68.93
82122,"M. Jean José GARY",INDIVIDU,68,47.22,66.01
82122,"M. Fernand COLLETTE",INDIVIDU,67,46.52,65.04
82122,"M. Philippe CHERON",INDIVIDU,65,45.13,63.10
82122,"Mme Marie-Thé AZEMAR",INDIVIDU,58,40.27,56.31
82123,"M. Jean-Claude RAYNAL",LDVD,333,40.07,50.76
82123,"Mme Claudine PEIRONE",LDVD,63,7.58,9.60
82123,"M. Maurice GUICHE",LDVG,260,31.28,39.63
82124,"M. Michel WEILL",LDVG,1414,53.25,100.00
82125,"M. Gilbert VALENTIN",LDVD,561,13.52,19.42
82125,"M. Jacques MOIGNARD",LDVG,1349,32.51,46.71
82125,"Mme Valérie RABASSA",LUD,978,23.57,33.86
82126,"M. Jacques SOULIE",LUMP,567,56.30,100.00
82127,"M. Jean-Pierre BALAT",INDIVIDU,280,45.67,58.57
82127,"Mme Annie FEAU",INDIVIDU,275,44.86,57.53
82127,"M. Jean-Pierre BENECH",INDIVIDU,274,44.69,57.32
82127,"M. Jean-David BELLOC",INDIVIDU,272,44.37,56.90
82127,"Mme Corinne LANNES",INDIVIDU,272,44.37,56.90
82127,"M. Pierre BILLARD",INDIVIDU,266,43.39,55.64
82127,"M. Jacques FREJABISE",INDIVIDU,265,43.23,55.43
82127,"Mme Sandrine LANIES",INDIVIDU,262,42.74,54.81
82127,"M. Yves LOUSSERT",INDIVIDU,262,42.74,54.81
82127,"Mme Sylvie DECAUNES",INDIVIDU,261,42.57,54.60
82127,"M. Bernard GUIGNES",INDIVIDU,246,40.13,51.46
82127,"M. Michel CARBOUE",INDIVIDU,244,39.80,51.04
82127,"M. Jean-Claude RESSIGUIE",INDIVIDU,240,39.15,50.20
82127,"Mme Sylvie COLLACHE",INDIVIDU,234,38.17,48.95
82127,"M. Patrick DALPOZO",INDIVIDU,232,37.84,48.53
82127,"M. Dominique FAVRÉ",INDIVIDU,231,37.68,48.32
82127,"M. Rénald RAYMOND",INDIVIDU,228,37.19,47.69
82127,"M. Alain CANCEL",INDIVIDU,225,36.70,47.07
82127,"M. Jean-Paul BARRA",INDIVIDU,218,35.56,45.60
82127,"Mme Véronique FONTANEL",INDIVIDU,215,35.07,44.97
82127,"M. Raymond LAFON",INDIVIDU,206,33.60,43.09
82127,"Mme Sylvie GERLA",INDIVIDU,206,33.60,43.09
82127,"M. Florent CRESTE",INDIVIDU,202,32.95,42.25
82127,"Mme Nathalie FRÉJABISE ALY",INDIVIDU,199,32.46,41.63
82127,"M. Michel DURAND",INDIVIDU,194,31.64,40.58
82127,"Mme Amélie PETETIN",INDIVIDU,192,31.32,40.16
82127,"M. Michel ROQUES",INDIVIDU,190,30.99,39.74
82127,"M. Antoine ROLLAND",INDIVIDU,188,30.66,39.33
82127,"M. Gilles GUEGUEN",INDIVIDU,183,29.85,38.28
82127,"M. Alain IMPERIALE",INDIVIDU,180,29.36,37.65
82128,"M. Gilbert DARNAUD",INDIVIDU,85,78.70,93.40
82128,"M. Guy CABANES",INDIVIDU,84,77.77,92.30
82128,"M. Dominique DELBOSC",INDIVIDU,83,76.85,91.20
82128,"M. Julien AVANZINI",INDIVIDU,81,75.00,89.01
82128,"M. Michel GUILLAUMA",INDIVIDU,80,74.07,87.91
82128,"M. Aurélien LAFARGUE",INDIVIDU,80,74.07,87.91
82128,"M. Jérôme DARO",INDIVIDU,79,73.14,86.81
82128,"M. Thierry LANDOU",INDIVIDU,78,72.22,85.71
82128,"M. Patrick ALBENQUE",INDIVIDU,75,69.44,82.41
82128,"Mme Karine NADALIN",INDIVIDU,73,67.59,80.21
82128,"M. Rémy SOUPA",INDIVIDU,70,64.81,76.92
82129,"M. David IRAGUE",INDIVIDU,79,74.52,95.18
82129,"Mme Josette THOA",INDIVIDU,76,71.69,91.56
82129,"M. Henry THIRIET",INDIVIDU,76,71.69,91.56
82129,"M. Lilian CAVERZAN",INDIVIDU,75,70.75,90.36
82129,"M. Mickaël BREIL",INDIVIDU,74,69.81,89.15
82129,"M. Fabien DARPARENS",INDIVIDU,74,69.81,89.15
82129,"Mme Joëlle CODET",INDIVIDU,74,69.81,89.15
82129,"M. Sébastien LOUART",INDIVIDU,73,68.86,87.95
82129,"M. Bernard SALOMON",INDIVIDU,69,65.09,83.13
82129,"M. Jérôme SEBILE",INDIVIDU,67,63.20,80.72
82129,"M. Séverin BEAUDONNET",INDIVIDU,64,60.37,77.10
82130,"M. Jean-Claude FLOTTES",INDIVIDU,102,68.45,92.72
82130,"M. Gaelle PRIVAT",INDIVIDU,100,67.11,90.90
82130,"M. Jérôme SALSE",INDIVIDU,100,67.11,90.90
82130,"M. Jean-Michel BAYLET",INDIVIDU,94,63.08,85.45
82130,"Mme Alexis BAEYENS",INDIVIDU,92,61.74,83.63
82130,"M. Christian TISSEDRE",INDIVIDU,92,61.74,83.63
82130,"M. Christian EURGAL",INDIVIDU,92,61.74,83.63
82130,"M. Jacques TISSEDRE",INDIVIDU,92,61.74,83.63
82130,"M. Charles BEGUIN",INDIVIDU,91,61.07,82.72
82130,"M. Didier BRUEL",INDIVIDU,88,59.06,80.00
82130,"M. Gérard MOMMEJA",INDIVIDU,85,57.04,77.27
82131,"M. Raymond MASSIP",LDVG,299,24.13,31.70
82131,"M. Philippe MAURIN",LDVD,235,18.96,24.92
82131,"M. Gérard MOUNIE",LDIV,409,33.01,43.37
82132,"M. Jean-Luc CAGNAC",LDIV,292,32.73,40.72
82132,"Mme Fabienne PERN SAVIGNAC",LDVG,425,47.64,59.27
82133,"M. Jean-Claude ROMANO",INDIVIDU,59,75.64,100.00
82133,"M. Christian MOUILHAC",INDIVIDU,59,75.64,100.00
82133,"Mme Virginie CASTAGNET",INDIVIDU,59,75.64,100.00
82133,"M. Gary KULCZYCKI",INDIVIDU,54,69.23,91.52
82133,"Mme Emeline LAMERA",INDIVIDU,54,69.23,91.52
82133,"M. Pierre BURG",INDIVIDU,53,67.94,89.83
82133,"M. Frédéric WIRBS",INDIVIDU,53,67.94,89.83
82134,"M. Maurice CORRECHER",LDVD,1354,36.58,53.87
82134,"M. Jean CAMBON",LDVG,1159,31.31,46.12
82135,"Mme Nadine GUILLEMOT",LDVG,304,32.40,42.10
82135,"M. René GIANNO",LSOC,168,17.91,23.26
82135,"M. Jean-Pierre TURROQUES",LDVD,250,26.65,34.62
82136,"M. Michel MEESSEMAN",LDVG,463,43.67,56.60
82136,"Mme Anne Marie POTIER",LDVG,355,33.49,43.39
82137,"M. Daniel BESSEDE",INDIVIDU,279,56.13,66.27
82137,"M. Frédéric KERESTEDJIAN",INDIVIDU,276,55.53,65.55
82137,"M. Paul FAURE",INDIVIDU,271,54.52,64.37
82137,"M. Alain ICHES",INDIVIDU,256,51.50,60.80
82137,"Mme Véronique DELMOT",INDIVIDU,248,49.89,58.90
82137,"Mme Huguette DE MEY",INDIVIDU,245,49.29,58.19
82137,"M. Jacques CASTELNAU",INDIVIDU,245,49.29,58.19
82137,"M. Patrice BREIL",INDIVIDU,236,47.48,56.05
82137,"M. Dimitri CHEVALERIAS",INDIVIDU,232,46.68,55.10
82137,"M. Denis HOSPITALIER",INDIVIDU,232,46.68,55.10
82137,"Mme Danièle DELMAS-WALAS",INDIVIDU,230,46.27,54.63
82137,"Mme Catherine LOMBARD",INDIVIDU,229,46.07,54.39
82137,"M. Hugo LOMBARD",INDIVIDU,217,43.66,51.54
82137,"M. Roger BLAMIRE",INDIVIDU,209,42.05,49.64
82137,"M. Claude BOSC",INDIVIDU,200,40.24,47.50
82137,"Mme Marie-Madeleine COUTURIER",INDIVIDU,194,39.03,46.08
82137,"Mme Sylvie BIGOT",INDIVIDU,188,37.82,44.65
82137,"Mme Colette PRATS",INDIVIDU,188,37.82,44.65
82137,"Mme Florence MAZENQ",INDIVIDU,185,37.22,43.94
82137,"M. François ICHES",INDIVIDU,184,37.02,43.70
82137,"M. Marc FALGUIERES",INDIVIDU,179,36.01,42.51
82137,"Mme Chantal DECRESSAC",INDIVIDU,167,33.60,39.66
82137,"Mme Sylvie VENDOME",INDIVIDU,161,32.39,38.24
82137,"M. Gérard ESCAFFRE",INDIVIDU,160,32.19,38.00
82137,"Mme Juliette BORD",INDIVIDU,147,29.57,34.91
82137,"M. Jacques BERTRAND",INDIVIDU,144,28.97,34.20
82137,"M. Christophe THUBERT",INDIVIDU,135,27.16,32.06
82137,"M. Elvis DANET",INDIVIDU,133,26.76,31.59
82137,"Mme Mandy HARVEY",INDIVIDU,133,26.76,31.59
82137,"Mme Odile MOZAC",INDIVIDU,127,25.55,30.16
82138,"M. Pierre ANDRE",INDIVIDU,91,83.48,100.00
82138,"M. Eric DELFARIEL",INDIVIDU,90,82.56,98.90
82138,"M. Alain HUGON",INDIVIDU,89,81.65,97.80
82138,"M. Alain VIGROUX",INDIVIDU,89,81.65,97.80
82138,"M. Alain CALAS",INDIVIDU,89,81.65,97.80
82138,"M. Christian LEROY",INDIVIDU,89,81.65,97.80
82138,"M. David WERBER",INDIVIDU,88,80.73,96.70
82138,"Mme Chantal PIGERRE",INDIVIDU,88,80.73,96.70
82138,"Mme Evelyne ALBANHAC",INDIVIDU,87,79.81,95.60
82138,"M. Jean-François RATIE",INDIVIDU,86,78.89,94.50
82138,"Mme Séverine BASTIANI",INDIVIDU,85,77.98,93.40
82139,"M. Philippe FUSINA",INDIVIDU,79,68.69,87.77
82139,"M. Joël JEAN",INDIVIDU,76,66.08,84.44
82139,"M. Bruno BRESOLIN",INDIVIDU,75,65.21,83.33
82139,"M. Daniel LESA",INDIVIDU,75,65.21,83.33
82139,"M. Sébastien CANOURGUES",INDIVIDU,74,64.34,82.22
82139,"M. Abel CANOURGUES",INDIVIDU,70,60.86,77.77
82139,"M. Alain BENECH",INDIVIDU,69,60.00,76.66
82139,"Mme Valérie SARRAUT",INDIVIDU,66,57.39,73.33
82139,"M. Jacques BURATTI",INDIVIDU,63,54.78,70.00
82139,"M. Stéphan RATTO",INDIVIDU,59,51.30,65.55
82139,"Mme Jocelyne LARUE-DORCHIES",INDIVIDU,58,50.43,64.44
82140,"M. Alexis DOMPEYRE",INDIVIDU,248,74.47,99.59
82140,"M. Philippe MAUBERT",INDIVIDU,247,74.17,99.19
82140,"M. Sylvain HEMMER",INDIVIDU,246,73.87,98.79
82140,"Mme Elisabeth CASTAGNE",INDIVIDU,244,73.27,97.99
82140,"Mme Angélique BARAILLE",INDIVIDU,243,72.97,97.59
82140,"Mme Christèle GARCIA",INDIVIDU,243,72.97,97.59
82140,"M. Pierre BUFFAZ",INDIVIDU,242,72.67,97.18
82140,"Mme Christine GAMEL",INDIVIDU,240,72.07,96.38
82140,"M. Didier CASSAGNEAU",INDIVIDU,236,70.87,94.77
82140,"Mme Marie-José VIGUIER",INDIVIDU,235,70.57,94.37
82140,"M. Jacques ROSET",INDIVIDU,232,69.66,93.17
82141,"M. Didier DUPUIS",INDIVIDU,271,66.42,100.00
82141,"Mme Severine AMIAUD",INDIVIDU,270,66.17,99.63
82141,"M. Yannick DELONCLE",INDIVIDU,270,66.17,99.63
82141,"M. Michel RABANI",INDIVIDU,270,66.17,99.63
82141,"Mme Martine RAMOS",INDIVIDU,269,65.93,99.26
82141,"Mme Roseline CASASSA-VIGNA",INDIVIDU,269,65.93,99.26
82141,"Mme Catherine BUFFA",INDIVIDU,269,65.93,99.26
82141,"M. David BONGIOVANNI",INDIVIDU,267,65.44,98.52
82141,"Mme Cécile BALDASSA",INDIVIDU,265,64.95,97.78
82141,"Mme Huguette MAZET",INDIVIDU,265,64.95,97.78
82141,"M. Jean-Jacques GARES",INDIVIDU,265,64.95,97.78
82141,"M. Philippe TEILLET",INDIVIDU,264,64.70,97.41
82141,"M. Jean-Claude TISSEDRE",INDIVIDU,263,64.46,97.04
82141,"M. Jean-Paul DELACHOUX",INDIVIDU,258,63.23,95.20
82142,"M. Alain BELLOC",LDVG,614,60.79,81.00
82142,"M. Jean Charles TOURNAYRE",LDVG,144,14.25,18.99
82143,"M. Paul KENDALL",INDIVIDU,40,59.70,86.95
82143,"M. Kévin ESCARNOT",INDIVIDU,37,55.22,80.43
82143,"Mme Stéphanie BRUNEL",INDIVIDU,36,53.73,78.26
82143,"Mme Heather DODD",INDIVIDU,36,53.73,78.26
82143,"M. Laurent GLEYO",INDIVIDU,35,52.23,76.08
82143,"M. James IRVINE ROBERTSON",INDIVIDU,35,52.23,76.08
82143,"Mme Adeline BALAGUER",INDIVIDU,34,50.74,73.91
82143,"M. Pascal GUERIN",INDIVIDU,34,50.74,73.91
82143,"M. Anthony DANABORGA",INDIVIDU,34,50.74,73.91
82143,"Mme Sandrine GUERIN",INDIVIDU,34,50.74,73.91
82143,"Mme Laure GUILLAUMET",INDIVIDU,34,50.74,73.91
82144,"M. Yohann ALIBERT",INDIVIDU,389,70.72,96.28
82144,"Mme Marie-Joëlle PELLO MIQUEL",INDIVIDU,389,70.72,96.28
82144,"M. Alain MATTENS",INDIVIDU,389,70.72,96.28
82144,"Mme Françoise AGUILAR",INDIVIDU,386,70.18,95.54
82144,"M. Alain GAMBAROTTO",INDIVIDU,386,70.18,95.54
82144,"Mme Maïté LUENGO",INDIVIDU,383,69.63,94.80
82144,"M. Jean-Michel PRAYSSAC",INDIVIDU,383,69.63,94.80
82144,"Mme Valérie CASTEL",INDIVIDU,383,69.63,94.80
82144,"M. Cyril ROUS",INDIVIDU,382,69.45,94.55
82144,"M. Francis SEMENADISSE",INDIVIDU,382,69.45,94.55
82144,"M. Francis SANCHES",INDIVIDU,381,69.27,94.30
82144,"Mme Véronique FLOQUET",INDIVIDU,381,69.27,94.30
82144,"Mme Maryse RESTE",INDIVIDU,380,69.09,94.05
82144,"Mme Linda TREITINGER",INDIVIDU,379,68.90,93.81
82144,"Mme Brigitte PUJOL",INDIVIDU,367,66.72,90.84
82145,"Mme Elodie BESSONNET",INDIVIDU,178,65.44,92.70
82145,"Mme Françoise ALAUX",INDIVIDU,177,65.07,92.18
82145,"M. Romuald DELBECQ",INDIVIDU,175,64.33,91.14
82145,"M. David GAILLARD",INDIVIDU,175,64.33,91.14
82145,"Mme Valéry CHAIGNON",INDIVIDU,173,63.60,90.10
82145,"M. Patrick BLANC",INDIVIDU,173,63.60,90.10
82145,"Mme Nadine BROUCHET",INDIVIDU,167,61.39,86.97
82145,"M. Frédéric TERRAL",INDIVIDU,166,61.02,86.45
82145,"M. Gaëtan ESCALETTE",INDIVIDU,162,59.55,84.37
82145,"Mme Christelle CATHALO",INDIVIDU,161,59.19,83.85
82145,"M. Nicolas GARY",INDIVIDU,158,58.08,82.29
82146,"M. Jérôme MAUMUS",INDIVIDU,37,77.08,100.00
82146,"M. Rubin DIRAT",INDIVIDU,37,77.08,100.00
82146,"M. Julien LAPORTE",INDIVIDU,36,75.00,97.29
82146,"Mme Liliane COLOMBET",INDIVIDU,36,75.00,97.29
82146,"M. Yannick BREIL",INDIVIDU,35,72.91,94.59
82146,"M. Patrick BONNEAU",INDIVIDU,34,70.83,91.89
82146,"M. Pierre DÉGUILHEM",INDIVIDU,34,70.83,91.89
82147,"Mme Joëlle CAGNAC",INDIVIDU,187,58.62,68.75
82147,"M. Claude GALAN",INDIVIDU,187,58.62,68.75
82147,"M. Denis AZAM",INDIVIDU,185,57.99,68.01
82147,"M. Benoît COLON",INDIVIDU,182,57.05,66.91
82147,"Mme Sabrina VIALE",INDIVIDU,182,57.05,66.91
82147,"M. Alain VIROLLE",INDIVIDU,178,55.79,65.44
82147,"M. Bastien GILLES",INDIVIDU,175,54.85,64.33
82147,"M. Dominique CALMETTES",INDIVIDU,172,53.91,63.23
82147,"Mme Gwladys DELPECH",INDIVIDU,163,51.09,59.92
82147,"M. Pierre ARTOUS",INDIVIDU,162,50.78,59.55
82147,"Mme Catherine JOUSSET",INDIVIDU,158,49.52,58.08
82147,"M. Didier DESMEDT",INDIVIDU,125,39.18,45.95
82147,"M. Vincent CAZES",INDIVIDU,101,31.66,37.13
82147,"M. Bertrand CHACUN",INDIVIDU,100,31.34,36.76
82147,"Mme Séverine GASPAROTTO",INDIVIDU,95,29.78,34.92
82147,"M. André CARRIE",INDIVIDU,86,26.95,31.61
82147,"M. Eric BOURDON",INDIVIDU,80,25.07,29.41
82147,"M. Alain MAURIN",INDIVIDU,80,25.07,29.41
82147,"M. Williams GEORGES",INDIVIDU,72,22.57,26.47
82147,"M. Jean-Pierre BASQUIN",INDIVIDU,72,22.57,26.47
82147,"Mme Marie-Christine DELPECH",INDIVIDU,72,22.57,26.47
82147,"Mme Sylvie BAUDESSON",INDIVIDU,66,20.68,24.26
82148,"Mme Evelyne LAVAL",INDIVIDU,289,48.16,64.07
82148,"M. Claude PERDRIAU",INDIVIDU,285,47.50,63.19
82148,"Mme Marie-France PRIEUR",INDIVIDU,278,46.33,61.64
82148,"M. Frédéric DEMONTFAUCON",INDIVIDU,276,46.00,61.19
82148,"M. Michel CANIHAC",INDIVIDU,274,45.66,60.75
82148,"Mme Emmanuelle MANNELLA",INDIVIDU,274,45.66,60.75
82148,"M. Jean-Claude CAVAILLE",INDIVIDU,274,45.66,60.75
82148,"M. Alain DEURVEILHER",INDIVIDU,273,45.50,60.53
82148,"Mme Catherine MURILLO",INDIVIDU,268,44.66,59.42
82148,"M. Daniel BELON",INDIVIDU,267,44.50,59.20
82148,"Mme Séverine GUGLIELMET",INDIVIDU,267,44.50,59.20
82148,"M. Sébastien BERTRAND",INDIVIDU,267,44.50,59.20
82148,"M. Gilles VALETTE",INDIVIDU,263,43.83,58.31
82148,"Mme Jacqueline DEPIERRE",INDIVIDU,259,43.16,57.42
82148,"M. André BONAMOUR DU TARTRE",INDIVIDU,252,42.00,55.87
82148,"M. Richard VILERS",INDIVIDU,154,25.66,34.14
82148,"M. Bernard PIERLOT",INDIVIDU,146,24.33,32.37
82148,"Mme Huguette VERGNET",INDIVIDU,142,23.66,31.48
82148,"M. Colin DEHOUX",INDIVIDU,138,23.00,30.59
82148,"M. Pierre BIRMES",INDIVIDU,137,22.83,30.37
82148,"M. Christian SALINGARDES",INDIVIDU,137,22.83,30.37
82148,"Mme Eliane LAGNEAU",INDIVIDU,136,22.66,30.15
82148,"M. Rolf PASSEDAT",INDIVIDU,134,22.33,29.71
82148,"Mme Martine LEWIS",INDIVIDU,133,22.16,29.49
82148,"M. Robert VAÏSSE-HUET",INDIVIDU,132,22.00,29.26
82148,"Mme Béatrice BIOLLAZ",INDIVIDU,130,21.66,28.82
82148,"Mme Fatima BEGGARI",INDIVIDU,127,21.16,28.15
82148,"Mme Nadia YERMANI",INDIVIDU,127,21.16,28.15
82148,"M. Roger VERGNET",INDIVIDU,124,20.66,27.49
82148,"Mme Christine LAMERAND",INDIVIDU,114,19.00,25.27
82148,"M. Mikaël ROBERT",INDIVIDU,111,18.50,24.61
82149,"M. Jean-Claude BERTELLI",LDVD,655,47.15,69.38
82149,"M. Sébastien VIVES",LPG,289,20.80,30.61
82150,"M. Claude VIGOUROUX",INDIVIDU,286,40.74,54.16
82150,"M. Pierre VILIARE",INDIVIDU,282,40.17,53.40
82150,"M. Guillaume LAFON",INDIVIDU,281,40.02,53.21
82150,"Mme Nathalie TORRES TEQUI",INDIVIDU,281,40.02,53.21
82150,"M. Baptiste POMMIER",INDIVIDU,280,39.88,53.03
82150,"M. David FAVAREL",INDIVIDU,276,39.31,52.27
82150,"Mme Véronique GUY",INDIVIDU,275,39.17,52.08
82150,"M. Jean-Michel VERMEIRE",INDIVIDU,275,39.17,52.08
82150,"M. Benoît SOUBIE",INDIVIDU,272,38.74,51.51
82150,"M. Christian PUJOL",INDIVIDU,269,38.31,50.94
82150,"Mme Claire DUFOUR",INDIVIDU,267,38.03,50.56
82150,"M. Olivier DECROS",INDIVIDU,265,37.74,50.18
82150,"Mme Laurence COHEN",INDIVIDU,264,37.60,50.00
82150,"M. Gérard DABOUST",INDIVIDU,264,37.60,50.00
82150,"M. Michel RECLUS",INDIVIDU,263,37.46,49.81
82150,"Mme Elisabeth BERNEYRON",INDIVIDU,262,37.32,49.62
82150,"Mme Evelyne CABANO-SADOURNY",INDIVIDU,257,36.60,48.67
82150,"Mme Vanessa JEANNERET",INDIVIDU,256,36.46,48.48
82150,"M. Michel COGOREUX",INDIVIDU,255,36.32,48.29
82150,"M. Albert CASTES",INDIVIDU,254,36.18,48.10
82150,"M. Jean Jacques LUVISUTTO",INDIVIDU,251,35.75,47.53
82150,"M. Philippe DEJEAN",INDIVIDU,251,35.75,47.53
82150,"M. André TOUSSAINT",INDIVIDU,246,35.04,46.59
82150,"M. Jacques LALA",INDIVIDU,245,34.90,46.40
82150,"M. Jean Dominique LEVADE",INDIVIDU,240,34.18,45.45
82150,"M. Gabriel MORIZE",INDIVIDU,240,34.18,45.45
82150,"Mme Marie-Christine MOLINIE",INDIVIDU,240,34.18,45.45
82150,"Mme Madeleine LARROQUE",INDIVIDU,239,34.04,45.26
82150,"M. Daniel VERGNIERES",INDIVIDU,232,33.04,43.93
82150,"M. Mohamed BOUZIRI",INDIVIDU,228,32.47,43.18
82151,"M. Philippe HELOIR",INDIVIDU,173,53.39,63.60
82151,"M. Philippe ANDRE",INDIVIDU,172,53.08,63.23
82151,"M. Jean-Pierre DECAUNES",INDIVIDU,171,52.77,62.86
82151,"M. Fabien COURRET",INDIVIDU,170,52.46,62.50
82151,"M. Pierre LE GOULVEN",INDIVIDU,168,51.85,61.76
82151,"Mme Linda GARRIGUES LEGRAND",INDIVIDU,164,50.61,60.29
82151,"Mme Laurence LOSFELD HUTINET",INDIVIDU,163,50.30,59.92
82151,"M. Jean-Pierre VILLENEUVE",INDIVIDU,162,50.00,59.55
82151,"M. Michel MORILLON",INDIVIDU,160,49.38,58.82
82151,"M. Emmanuel CHION",INDIVIDU,157,48.45,57.72
82151,"Mme Melinda ALDOUS",INDIVIDU,153,47.22,56.25
82151,"M. Bernard MOURGUES",INDIVIDU,110,33.95,40.44
82151,"M. Christian VERGNES",INDIVIDU,110,33.95,40.44
82151,"M. Dominique VERGNET",INDIVIDU,109,33.64,40.07
82151,"Mme Maria Del Pilar ANGEL",INDIVIDU,109,33.64,40.07
82151,"M. Éric TREPP",INDIVIDU,108,33.33,39.70
82151,"Mme Nicole MOUYSSET",INDIVIDU,103,31.79,37.86
82151,"M. François CLAVEL",INDIVIDU,102,31.48,37.50
82151,"M. Pierre ROUBELET",INDIVIDU,102,31.48,37.50
82151,"Mme Eira JONES",INDIVIDU,99,30.55,36.39
82151,"Mme Nadine FÉLIN",INDIVIDU,96,29.62,35.29
82151,"Mme Sarah BRAULT",INDIVIDU,95,29.32,34.92
82152,"M. Philippe BRUZON",INDIVIDU,216,61.53,96.86
82152,"M. Jean-Louis SPESSATO",INDIVIDU,215,61.25,96.41
82152,"Mme Jocelyne MAIRE",INDIVIDU,211,60.11,94.61
82152,"M. Roger LANDES",INDIVIDU,210,59.82,94.17
82152,"M. Francis FENOUL",INDIVIDU,207,58.97,92.82
82152,"M. Jean-Marie BENCE",INDIVIDU,204,58.11,91.47
82152,"Mme France DALPHRASE",INDIVIDU,203,57.83,91.03
82152,"M. Alain BOUCHERES",INDIVIDU,202,57.54,90.58
82152,"M. Philippe FOURNIE",INDIVIDU,198,56.41,88.78
82152,"M. Pierre CHIARAMELLO",INDIVIDU,195,55.55,87.44
82152,"Mme Anna LAWRYNOWICZ",INDIVIDU,184,52.42,82.51
82153,"M. Bernard REGNARD",INDIVIDU,97,59.87,63.81
82153,"M. Julien MERLY",INDIVIDU,95,58.64,62.50
82153,"M. Jérôme LUSSAGNET",INDIVIDU,92,56.79,60.52
82153,"M. Cédric GREGOIRE",INDIVIDU,91,56.17,59.86
82153,"Mme Marylin BARRÉ",INDIVIDU,91,56.17,59.86
82153,"M. Gilles TAILLADE",INDIVIDU,91,56.17,59.86
82153,"Mme Catherine MIRAMON",INDIVIDU,89,54.93,58.55
82153,"M. Marcel ROSSI",INDIVIDU,89,54.93,58.55
82153,"M. Christian DURAND",INDIVIDU,87,53.70,57.23
82153,"Mme Élodie CHARLES",INDIVIDU,87,53.70,57.23
82153,"M. Didier DOUMERGUE",INDIVIDU,86,53.08,56.57
82153,"Mme Olga NICOLAS",INDIVIDU,68,41.97,44.73
82153,"M. Sylvain BAGLIERI",INDIVIDU,66,40.74,43.42
82153,"M. Jean MAZET",INDIVIDU,66,40.74,43.42
82153,"M. Robert COULEAU",INDIVIDU,65,40.12,42.76
82153,"M. Arnold FABER",INDIVIDU,61,37.65,40.13
82153,"M. Marc ANGLAS",INDIVIDU,60,37.03,39.47
82153,"Mme Laure BAILLEUL",INDIVIDU,60,37.03,39.47
82153,"M. Jean-Pierre DAUBA",INDIVIDU,57,35.18,37.50
82153,"Mme Françoise LADHUIE",INDIVIDU,57,35.18,37.50
82153,"Mme Diana MOWER",INDIVIDU,55,33.95,36.18
82153,"Mme Tiphaine MORO",INDIVIDU,52,32.09,34.21
82154,"Mme Sébastien FALIERE",INDIVIDU,145,75.12,97.97
82154,"Mme Marie-Thérèse BACH",INDIVIDU,144,74.61,97.29
82154,"M. Pascal AURIENTIS",INDIVIDU,140,72.53,94.59
82154,"Mme Virginie BORDES",INDIVIDU,136,70.46,91.89
82154,"Mme Aline TAURAN",INDIVIDU,136,70.46,91.89
82154,"M. Christophe JUNG",INDIVIDU,135,69.94,91.21
82154,"M. Julien LAMARINIE",INDIVIDU,133,68.91,89.86
82154,"M. Christophe BIAU",INDIVIDU,130,67.35,87.83
82154,"M. Jean-Claude NOUGAYREDE",INDIVIDU,120,62.17,81.08
82154,"Mme Marie-Claire TESTUT",INDIVIDU,118,61.13,79.72
82154,"M. Josian VIDAL",INDIVIDU,114,59.06,77.02
82155,"M. Gérard AGAM",LDVG,600,39.73,60.60
82155,"M. Thierry LE ROY",LSOC,390,25.82,39.39
82156,"Mme Aurore BRAS",INDIVIDU,94,72.86,96.90
82156,"M. Jacques BRAS",INDIVIDU,92,71.31,94.84
82156,"M. Serge MELLADO",INDIVIDU,88,68.21,90.72
82156,"M. Daniel POUZARGUES",INDIVIDU,85,65.89,87.62
82156,"Mme Frédérique ORSI",INDIVIDU,84,65.11,86.59
82156,"Mme Marie-Claude REDON",INDIVIDU,83,64.34,85.56
82156,"M. Yannick LAVERGNE",INDIVIDU,80,62.01,82.47
82156,"M. Gérard BILLIERES",INDIVIDU,79,61.24,81.44
82156,"Mme Claudine RATTO",INDIVIDU,73,56.58,75.25
82156,"M. Walter PUPPATO",INDIVIDU,72,55.81,74.22
82156,"Mme Yvonne BRINGAY",INDIVIDU,63,48.83,64.94
82157,"Mme Nathalie EDOT",INDIVIDU,65,70.65,95.58
82157,"M. Sébastien GRAS",INDIVIDU,65,70.65,95.58
82157,"M. Michel SOTTORIVA",INDIVIDU,64,69.56,94.11
82157,"M. Jean-Claude LAGLEYSE",INDIVIDU,64,69.56,94.11
82157,"M. Leendert POST",INDIVIDU,63,68.47,92.64
82157,"M. Benjamin BONIFAY",INDIVIDU,62,67.39,91.17
82157,"M. Sébastien DUMAS",INDIVIDU,61,66.30,89.70
82157,"M. Claude GUINGAL",INDIVIDU,60,65.21,88.23
82157,"Mme Françoise RAMONDOU",INDIVIDU,59,64.13,86.76
82157,"Mme Maryse GOODALL",INDIVIDU,56,60.86,82.35
82157,"M. Alain RAYNAL",INDIVIDU,54,58.69,79.41
82158,"M. Benjamin BESSON",INDIVIDU,104,76.47,96.29
82158,"M. René TRAMUZZI",INDIVIDU,104,76.47,96.29
82158,"Mme Lucie ESTÈVE",INDIVIDU,103,75.73,95.37
82158,"M. Michel DUPUY",INDIVIDU,103,75.73,95.37
82158,"Mme Michelle CONFORTI",INDIVIDU,103,75.73,95.37
82158,"Mme Malory GALLEMARD",INDIVIDU,103,75.73,95.37
82158,"M. Raymond BENVENUTO",INDIVIDU,103,75.73,95.37
82158,"Mme Céline VUILLIER",INDIVIDU,101,74.26,93.51
82158,"M. Christian THOMINE",INDIVIDU,100,73.52,92.59
82158,"M. Philippe BEKAERT",INDIVIDU,94,69.11,87.03
82158,"M. Jean-Francois LAPARRE",INDIVIDU,85,62.50,78.70
82159,"Mme Emmanuelle ROUANET",INDIVIDU,256,57.01,68.26
82159,"Mme Sophie O'CONNOR",INDIVIDU,252,56.12,67.20
82159,"M. Christian VALETTE",INDIVIDU,248,55.23,66.13
82159,"M. Paul CABANES",INDIVIDU,248,55.23,66.13
82159,"Mme Christiane BOUBINET",INDIVIDU,247,55.01,65.86
82159,"M. Franck BAILLS",INDIVIDU,246,54.78,65.60
82159,"M. Patrick DAURE",INDIVIDU,246,54.78,65.60
82159,"M. Guy ROUZIES",INDIVIDU,243,54.12,64.80
82159,"M. Arnaud MALBY",INDIVIDU,239,53.22,63.73
82159,"Mme Patricia SARRAU",INDIVIDU,238,53.00,63.46
82159,"M. Pierre-Henri CARBONNEL",INDIVIDU,223,49.66,59.46
82159,"M. Gilbert MOULY",INDIVIDU,135,30.06,36.00
82159,"Mme Brigitte BRISSON",INDIVIDU,128,28.50,34.13
82159,"Mme Laure CALMETTES",INDIVIDU,128,28.50,34.13
82159,"M. Jean MURAT",INDIVIDU,127,28.28,33.86
82159,"Mme Catherine DA SILVA",INDIVIDU,124,27.61,33.06
82159,"Mme Raphaëla PANADERO-PINEL",INDIVIDU,124,27.61,33.06
82159,"M. Philippe JUNGBLUTH",INDIVIDU,123,27.39,32.80
82159,"Mme Catherine VIE",INDIVIDU,123,27.39,32.80
82159,"M. Alexandre FERRIERES",INDIVIDU,122,27.17,32.53
82159,"M. David LECAT",INDIVIDU,120,26.72,32.00
82159,"Mme Maryange DUHAMEL",INDIVIDU,117,26.05,31.20
82160,"M. Gérard BONGIOVANNI",INDIVIDU,141,67.46,99.29
82160,"Mme Maryse LECAY-DAUBANES",INDIVIDU,139,66.50,97.88
82160,"M. Franck VERBRUGGE",INDIVIDU,138,66.02,97.18
82160,"Mme Sandrine DESMARET",INDIVIDU,138,66.02,97.18
82160,"M. Bernard DECON",INDIVIDU,137,65.55,96.47
82160,"M. Louis BOUARD",INDIVIDU,133,63.63,93.66
82160,"Mme Odile DESVALS-MORO",INDIVIDU,133,63.63,93.66
82160,"M. Gérard MARCHESI",INDIVIDU,131,62.67,92.25
82160,"Mme Audrey LARTIGUE-DELAUNE",INDIVIDU,130,62.20,91.54
82160,"M. Jean-Pierre PAOLETTI",INDIVIDU,130,62.20,91.54
82160,"M. Jean-Michel HUGON",INDIVIDU,118,56.45,83.09
82161,"M. Vincent TEULIERES",LDVD,1125,42.19,61.10
82161,"M. Pierre PISANI",LDVG,716,26.85,38.89
82162,"Mme Marie-Chantal MALGOIRE",INDIVIDU,113,59.16,65.69
82162,"M. Yves PAGES",INDIVIDU,109,57.06,63.37
82162,"M. René DELHOURS",INDIVIDU,107,56.02,62.20
82162,"M. Alain GROS",INDIVIDU,105,54.97,61.04
82162,"M. Philippe DERAMOND",INDIVIDU,104,54.45,60.46
82162,"Mme Marlène BARREAU",INDIVIDU,103,53.92,59.88
82162,"Mme Marie-Christine DESREUX",INDIVIDU,102,53.40,59.30
82162,"Mme Claudine ALAUX",INDIVIDU,95,49.73,55.23
82162,"M. Robert LACOSTE",INDIVIDU,93,48.69,54.06
82162,"M. Pierre RHODES",INDIVIDU,93,48.69,54.06
82162,"Mme Colette TUFFIERE",INDIVIDU,91,47.64,52.90
82162,"M. Arnaud GOMEZ",INDIVIDU,82,42.93,47.67
82162,"M. Lionel PICARD",INDIVIDU,80,41.88,46.51
82162,"Mme Nadine DEJEAN",INDIVIDU,71,37.17,41.27
82162,"M. Huguette GROS",INDIVIDU,67,35.07,38.95
82162,"Mme Evelyne GROS",INDIVIDU,65,34.03,37.79
82162,"Mme Véronique GALLOT",INDIVIDU,64,33.50,37.20
82162,"Mme Céline PAVANELLO",INDIVIDU,62,32.46,36.04
82162,"M. Philippe RENAUDIN",INDIVIDU,62,32.46,36.04
82162,"Mme Ginette DERAMOND",INDIVIDU,61,31.93,35.46
82162,"M. Dominique ZORZIN",INDIVIDU,59,30.89,34.30
82162,"M. Mohand ARROUL",INDIVIDU,49,25.65,28.48
82163,"M. Michel BORGOLOTTO",INDIVIDU,49,81.66,98.00
82163,"Mme Muriel EVRARD",INDIVIDU,49,81.66,98.00
82163,"M. Jean-Claude LABAT",INDIVIDU,45,75.00,90.00
82163,"M. Guy CONZATO",INDIVIDU,45,75.00,90.00
82163,"M. Albert BRUN",INDIVIDU,44,73.33,88.00
82163,"Mme Geneviève DUILHÉ",INDIVIDU,38,63.33,76.00
82163,"M. Gérard TASSIAUX",INDIVIDU,37,61.66,74.00
82164,"M. Éric BACH",INDIVIDU,75,68.18,94.93
82164,"Mme Chantal FIORETTI",INDIVIDU,74,67.27,93.67
82164,"Mme Valérie JOUANNY",INDIVIDU,73,66.36,92.40
82164,"M. Jérôme ALBIAC",INDIVIDU,72,65.45,91.13
82164,"M. Ludovic KERJOUAN",INDIVIDU,71,64.54,89.87
82164,"M. Pascal ALBIAC",INDIVIDU,70,63.63,88.60
82164,"M. Pascal TERRAT",INDIVIDU,70,63.63,88.60
82164,"M. Willem LENIGER",INDIVIDU,69,62.72,87.34
82164,"M. Claude GIBERT",INDIVIDU,66,60.00,83.54
82164,"M. Jan VAN SAS",INDIVIDU,65,59.09,82.27
82164,"Mme Agnès PALMIÉ",INDIVIDU,65,59.09,82.27
82165,"M. Jean-Marc AUJOL",INDIVIDU,213,53.78,66.77
82165,"M. Stephane REBEL",INDIVIDU,212,53.53,66.45
82165,"M. Robert BAFFALIO",INDIVIDU,211,53.28,66.14
82165,"M. Olivier BRETON",INDIVIDU,205,51.76,64.26
82165,"Mme Sandra SARRAU",INDIVIDU,204,51.51,63.94
82165,"Mme Tatiana LAVILLEDIEU",INDIVIDU,196,49.49,61.44
82165,"M. Denis LAJANTE",INDIVIDU,195,49.24,61.12
82165,"M. Bernard DUCOM",INDIVIDU,192,48.48,60.18
82165,"Mme Mireille CRESSON",INDIVIDU,190,47.97,59.56
82165,"Mme Céline SEGUIN",INDIVIDU,187,47.22,58.62
82165,"M. Philippe BERGÉS",INDIVIDU,179,45.20,56.11
82165,"M. Dominique POUZOULET",INDIVIDU,134,33.83,42.00
82165,"M. Michel GOBIN",INDIVIDU,133,33.58,41.69
82165,"Mme Yvette Dite Jeannette ANDRIEU",INDIVIDU,122,30.80,38.24
82165,"Mme Françoise TRESSENS",INDIVIDU,118,29.79,36.99
82165,"Mme Sylvie BEDIN",INDIVIDU,109,27.52,34.16
82165,"Mme Bernadette DURAND",INDIVIDU,108,27.27,33.85
82165,"M. Fabrice PRAUD",INDIVIDU,107,27.02,33.54
82165,"M. Roland PIASENTIN",INDIVIDU,107,27.02,33.54
82165,"M. Dominique TORTORA",INDIVIDU,107,27.02,33.54
82165,"Mme Marie-Christine ROLS",INDIVIDU,105,26.51,32.91
82165,"M. Philippe GENOT",INDIVIDU,100,25.25,31.34
82166,"M. Henri ALIBERT",INDIVIDU,97,47.08,55.42
82166,"M. Alain PASQUALINI",INDIVIDU,95,46.11,54.28
82166,"M. Charles RAULY",INDIVIDU,95,46.11,54.28
82166,"M. Philippe HANQUIER",INDIVIDU,93,45.14,53.14
82166,"Mme Jessica BAUDEL",INDIVIDU,92,44.66,52.57
82166,"Mme Martine DUSSAC",INDIVIDU,92,44.66,52.57
82166,"M. Marius BAYROU",INDIVIDU,91,44.17,52.00
82166,"Mme Liliane TREUILHÉ",INDIVIDU,91,44.17,52.00
82166,"M. Guy DANGAS",INDIVIDU,87,42.23,49.71
82166,"Mme Sandra CARDONA",INDIVIDU,87,42.23,49.71
82166,"Mme Catherine MALBREIL",INDIVIDU,87,42.23,49.71
82166,"Mme Catherine KAWA",INDIVIDU,87,42.23,49.71
82166,"Mme Eliane DUPOUY",INDIVIDU,86,41.74,49.14
82166,"Mme Christine SERRANO",INDIVIDU,85,41.26,48.57
82166,"Mme Christine NOVARINO",INDIVIDU,85,41.26,48.57
82166,"M. Yaquobs JAVED",INDIVIDU,84,40.77,48.00
82166,"Mme Vanessa BOREAN",INDIVIDU,83,40.29,47.42
82166,"M. Thierry MONCOUET",INDIVIDU,83,40.29,47.42
82166,"M. Fréderic LAPORTE",INDIVIDU,82,39.80,46.85
82166,"M. Thierry SACCONA",INDIVIDU,79,38.34,45.14
82167,"M. Bernard PAILLARES",LDVD,815,63.52,100.00
82168,"M. Jean-Pierre BARRA",INDIVIDU,192,71.91,97.95
82168,"M. Jacques GUIZARD",INDIVIDU,191,71.53,97.44
82168,"Mme Monique DALARD",INDIVIDU,190,71.16,96.93
82168,"Mme Giselle BRIOUDES",INDIVIDU,185,69.28,94.38
82168,"Mme Marie-Pierre LE ROY CARPENTIER",INDIVIDU,182,68.16,92.85
82168,"M. Thierry VEYRES",INDIVIDU,180,67.41,91.83
82168,"M. Régis FALQUES",INDIVIDU,179,67.04,91.32
82168,"M. Gérard BOUYSSOU",INDIVIDU,178,66.66,90.81
82168,"Mme Cécile ROUSSEL",INDIVIDU,173,64.79,88.26
82168,"M. Roger LACOMBE",INDIVIDU,169,63.29,86.22
82168,"M. Marc VACQUIÉ",INDIVIDU,169,63.29,86.22
82169,"M. Joël CAPAYROU",LDVG,656,37.33,53.55
82169,"M. Bernard BOUCHE",LDVG,569,32.38,46.44
82170,"M. Cédric LASSALLE",INDIVIDU,311,67.17,94.81
82170,"M. Olivier RICHE",INDIVIDU,307,66.30,93.59
82170,"M. Dominique AMADIEU",INDIVIDU,306,66.09,93.29
82170,"M. Nicolas DUSSAC",INDIVIDU,304,65.65,92.68
82170,"Mme Françoise RODRIGUEZ",INDIVIDU,304,65.65,92.68
82170,"Mme Severine DUPARC",INDIVIDU,303,65.44,92.37
82170,"Mme Josiane POCA",INDIVIDU,299,64.57,91.15
82170,"M. Benoit MARTINET",INDIVIDU,295,63.71,89.93
82170,"M. Camille MALLEVIALLE",INDIVIDU,294,63.49,89.63
82170,"M. Claude LACAN",INDIVIDU,293,63.28,89.32
82170,"M. Lido MARCHIOL",INDIVIDU,292,63.06,89.02
82170,"Mme Marie-Christine DELBOSC",INDIVIDU,289,62.41,88.10
82170,"M. Jean-Luc BELY",INDIVIDU,286,61.77,87.19
82170,"M. Sébastien MOSNIER",INDIVIDU,285,61.55,86.89
82170,"M. Francis DÉJEAN",INDIVIDU,241,52.05,73.47
82171,"M. André LABORIE",LDVD,470,51.81,67.72
82171,"M. Alain MOLINIE",LDVG,224,24.69,32.27
82172,"M. Jean-Paul ESTRIPEAU",INDIVIDU,144,60.75,75.00
82172,"Mme Dominique BORIES",INDIVIDU,141,59.49,73.43
82172,"Mme Myriam ANDRIEUX",INDIVIDU,138,58.22,71.87
82172,"M. Jean-Pierre BURG",INDIVIDU,132,55.69,68.75
82172,"M. Christian FRAUCIEL",INDIVIDU,131,55.27,68.22
82172,"M. Raoul LANGLET",INDIVIDU,127,53.58,66.14
82172,"M. Patrick CAT",INDIVIDU,127,53.58,66.14
82172,"Mme Micheline COLIN",INDIVIDU,124,52.32,64.58
82172,"Mme Jayne CATTON",INDIVIDU,115,48.52,59.89
82172,"Mme Marie-Claude CORRADO",INDIVIDU,108,45.56,56.25
82172,"M. François PISANI",INDIVIDU,108,45.56,56.25
82172,"M. Philippe MONTARDIER",INDIVIDU,92,38.81,47.91
82172,"Mme Josette BOUYSSEL",INDIVIDU,68,28.69,35.41
82173,"Mme Jocelyne PROUET",INDIVIDU,433,57.96,73.26
82173,"M. Gérard FENIE",INDIVIDU,430,57.56,72.75
82173,"M. Bernard GRANIER",INDIVIDU,430,57.56,72.75
82173,"M. Patrick LABROUE",INDIVIDU,427,57.16,72.25
82173,"M. Thierry CHAUBET",INDIVIDU,425,56.89,71.91
82173,"Mme Irène CAUDAL",INDIVIDU,422,56.49,71.40
82173,"M. Hervé CAYROU",INDIVIDU,418,55.95,70.72
82173,"M. Eric TOBAILEM",INDIVIDU,417,55.82,70.55
82173,"Mme Dessislava DALAKOV-DANIEL",INDIVIDU,411,55.02,69.54
82173,"M. Patrick DELIANCOURT",INDIVIDU,404,54.08,68.35
82173,"M. Jérôme SALITOT",INDIVIDU,402,53.81,68.02
82173,"Mme Roselyne BIGOT",INDIVIDU,398,53.27,67.34
82173,"M. Christophe BOULOGNE",INDIVIDU,393,52.61,66.49
82173,"Mme Sandie EL AMARI",INDIVIDU,390,52.20,65.98
82173,"Mme Lydia TORNOS",INDIVIDU,386,51.67,65.31
82173,"Mme Roselyne PILON",INDIVIDU,237,31.72,40.10
82173,"M. Gérard OURLIAC",INDIVIDU,220,29.45,37.22
82173,"M. Philippe BAUDEN",INDIVIDU,211,28.24,35.70
82173,"M. Fabien OURLIAC",INDIVIDU,202,27.04,34.17
82173,"M. Daniel CHAUBET",INDIVIDU,189,25.30,31.97
82173,"Mme Pascale DUPA",INDIVIDU,186,24.89,31.47
82173,"M. Albert LLOPIS",INDIVIDU,180,24.09,30.45
82174,"M. Jacques COUDERC",INDIVIDU,173,71.48,91.05
82174,"Mme Claudine CARTAILLE",INDIVIDU,170,70.24,89.47
82174,"Mme Elodie PREVOT",INDIVIDU,155,64.04,81.57
82174,"Mme Nadine QUINTARD",INDIVIDU,151,62.39,79.47
82174,"M. Gérard GASC",INDIVIDU,148,61.15,77.89
82174,"M. Eric DELORD",INDIVIDU,148,61.15,77.89
82174,"M. Georges LAMOLINAIRIE",INDIVIDU,144,59.50,75.78
82174,"Mme Nadine OUSTRY",INDIVIDU,132,54.54,69.47
82174,"M. Georges FRAYSSE",INDIVIDU,123,50.82,64.73
82174,"M. Pierre GARDES",INDIVIDU,119,49.17,62.63
82174,"M. Claude GRILLAT",INDIVIDU,119,49.17,62.63
82174,"M. Patrick DONNADIEU",INDIVIDU,119,49.17,62.63
82174,"Mme Nicole MAVIEL",INDIVIDU,94,38.84,49.47
82175,"M. Serge BOYER",INDIVIDU,152,73.07,95.59
82175,"Mme Marie-Gabrielle PEYRAT",INDIVIDU,149,71.63,93.71
82175,"Mme Jacqueline MEL",INDIVIDU,149,71.63,93.71
82175,"Mme Jacqueline LEBESNE",INDIVIDU,145,69.71,91.19
82175,"M. Gilles MAGUELONNE",INDIVIDU,144,69.23,90.56
82175,"Mme Angélique GARRIC",INDIVIDU,143,68.75,89.93
82175,"M. Cédric BORD",INDIVIDU,140,67.30,88.05
82175,"M. Marcel BARDOLS",INDIVIDU,132,63.46,83.01
82175,"Mme Cécile BOUDON",INDIVIDU,131,62.98,82.38
82175,"M. Serge DELPOUCH",INDIVIDU,119,57.21,74.84
82175,"M. Serge MASSIP",INDIVIDU,108,51.92,67.92
82176,"M. Jean-Luc FIGUEREDO",INDIVIDU,343,61.57,94.75
82176,"M. Gilles BOYER",INDIVIDU,339,60.86,93.64
82176,"M. Etienne MONTAGNE",INDIVIDU,335,60.14,92.54
82176,"M. Jean-Pierre POLATO",INDIVIDU,333,59.78,91.98
82176,"M. Guillaume CASTELLA",INDIVIDU,328,58.88,90.60
82176,"M. Hervé UNAL",INDIVIDU,322,57.80,88.95
82176,"M. Jean-Claude ALIBERT",INDIVIDU,321,57.63,88.67
82176,"Mme Lydie HAVEZ",INDIVIDU,321,57.63,88.67
82176,"Mme Béatrice DAGUET",INDIVIDU,318,57.09,87.84
82176,"M. Mathieu TRONCHET",INDIVIDU,315,56.55,87.01
82176,"Mme Alexandra HEBRARD",INDIVIDU,311,55.83,85.91
82176,"Mme Annie MICHEL",INDIVIDU,311,55.83,85.91
82176,"M. Thierry LASFARGEAS",INDIVIDU,305,54.75,84.25
82176,"Mme Geneviève DOUREL",INDIVIDU,305,54.75,84.25
82176,"M. Bernard PEZOUS",INDIVIDU,295,52.96,81.49
82177,"Mme Sonia GRIMAL",INDIVIDU,102,72.85,87.17
82177,"M. Charles LOLMEDE",INDIVIDU,102,72.85,87.17
82177,"Mme Séverine AMADIEU",INDIVIDU,100,71.42,85.47
82177,"M. Laurent LAMARENIE",INDIVIDU,97,69.28,82.90
82177,"M. Jean-Claude CAT",INDIVIDU,97,69.28,82.90
82177,"Mme Christine FUTTERSACK",INDIVIDU,96,68.57,82.05
82177,"Mme Sylvie MONTEIL ÉPOUSE BOUDIE",INDIVIDU,96,68.57,82.05
82177,"Mme Evelyne VERDIÉ",INDIVIDU,95,67.85,81.19
82177,"M. Patrick COULY",INDIVIDU,93,66.42,79.48
82177,"M. Thierry BESSIERES",INDIVIDU,89,63.57,76.06
82177,"M. Jean-Marc BELVEZE",INDIVIDU,88,62.85,75.21
82178,"M. Willy RAMBAUD",INDIVIDU,289,55.79,66.89
82178,"M. Bernard PELLAUSY",INDIVIDU,287,55.40,66.43
82178,"M. Denis DUPEYRE",INDIVIDU,286,55.21,66.20
82178,"M. François LAGAE",INDIVIDU,285,55.01,65.97
82178,"M. Laurent CAPMARTIN",INDIVIDU,283,54.63,65.50
82178,"Mme Nathalie GAUTHIER",INDIVIDU,280,54.05,64.81
82178,"M. Eric TAPILIN",INDIVIDU,280,54.05,64.81
82178,"M. Philippe DE TARRAGON",INDIVIDU,279,53.86,64.58
82178,"M. Bernard CARBOUÉ",INDIVIDU,274,52.89,63.42
82178,"Mme Aïcha PEZET",INDIVIDU,271,52.31,62.73
82178,"Mme Sandra FASAN",INDIVIDU,268,51.73,62.03
82178,"Mme Colette BERTOGNA",INDIVIDU,266,51.35,61.57
82178,"M. Laurent TOUCHARD",INDIVIDU,264,50.96,61.11
82178,"M. Marc BEFRE",INDIVIDU,259,50.00,59.95
82178,"Mme Audrey CORMIER",INDIVIDU,244,47.10,56.48
82178,"Mme Christine GOUT",INDIVIDU,175,33.78,40.50
82178,"Mme Marie-Christine BERTOGNA-COULON",INDIVIDU,164,31.66,37.96
82178,"M. Stéphane CASSAGNE",INDIVIDU,159,30.69,36.80
82178,"M. Philippe BARAT",INDIVIDU,157,30.30,36.34
82178,"M. Laurent MEDALE",INDIVIDU,155,29.92,35.87
82178,"Mme Laurence BIASOTTO",INDIVIDU,152,29.34,35.18
82178,"M. Denis MISSUD",INDIVIDU,151,29.15,34.95
82178,"M. Patrice PROUZET",INDIVIDU,148,28.57,34.25
82178,"Mme Nathalie JAUBERTIE",INDIVIDU,145,27.99,33.56
82178,"M. Rémi BOUE",INDIVIDU,143,27.60,33.10
82178,"M. Fabrice COMBES",INDIVIDU,143,27.60,33.10
82178,"M. René FILIPPA",INDIVIDU,142,27.41,32.87
82178,"Mme Virginie CARUCHET",INDIVIDU,141,27.22,32.63
82178,"M. Christian GOMES DE SOUSA",INDIVIDU,138,26.64,31.94
82178,"M. Alain TISNE",INDIVIDU,135,26.06,31.25
82179,"M. Vladimir NADAL",LDVG,268,16.44,23.80
82179,"M. Jacques TABARLY",LDVG,858,52.63,76.19
82180,"Mme Climene BRINGAY",INDIVIDU,249,59.14,67.84
82180,"M. Philippe CAZELLES",INDIVIDU,248,58.90,67.57
82180,"M. Nicolas MAURIERES",INDIVIDU,243,57.71,66.21
82180,"M. René GIAVARINI",INDIVIDU,241,57.24,65.66
82180,"M. Sylvain LAFARGE",INDIVIDU,227,53.91,61.85
82180,"M. Stephane GUÉDÉ",INDIVIDU,223,52.96,60.76
82180,"M. Emmanuel GAYRIN",INDIVIDU,220,52.25,59.94
82180,"M. Jean-Philippe MORO",INDIVIDU,217,51.54,59.12
82180,"M. Jacques MIRAMONT",INDIVIDU,217,51.54,59.12
82180,"Mme Corine CAPERAN",INDIVIDU,216,51.30,58.85
82180,"Mme Psylvia JUBERT",INDIVIDU,208,49.40,56.67
82180,"Mme Monique DABAT-PAYOU",INDIVIDU,102,24.22,27.79
82180,"M. Romain MANET",INDIVIDU,90,21.37,24.52
82180,"Mme Marielle DEPRINCE",INDIVIDU,89,21.14,24.25
82180,"M. Cédric FLAMENG",INDIVIDU,88,20.90,23.97
82180,"M. Roland DELZERS",INDIVIDU,79,18.76,21.52
82180,"M. Maurice CRUZEL",INDIVIDU,79,18.76,21.52
82180,"Mme Claire BAFARO",INDIVIDU,74,17.57,20.16
82180,"Mme Aurélie NEGRE",INDIVIDU,74,17.57,20.16
82180,"M. Francis CAPERAN",INDIVIDU,72,17.10,19.61
82180,"M. Christian LAGARDE",INDIVIDU,71,16.86,19.34
82180,"M. Serge PRADO",INDIVIDU,70,16.62,19.07
82180,"M. Jean-Pascal FONTORBES",INDIVIDU,68,16.15,18.52
82180,"Mme Christelle BOSC",INDIVIDU,65,15.43,17.71
82180,"Mme Delphine ROUSSILHES",INDIVIDU,62,14.72,16.89
82180,"M. Cyrille GAMBA",INDIVIDU,61,14.48,16.62
82180,"M. Éric MORIN",INDIVIDU,58,13.77,15.80
82180,"M. Julien CHRISTOPHE",INDIVIDU,57,13.53,15.53
82180,"M. Eudes SOULIÉ",INDIVIDU,56,13.30,15.25
82180,"Mme Laurence BERNARDEZ",INDIVIDU,54,12.82,14.71
82180,"Mme Chantal PERET",INDIVIDU,48,11.40,13.07
82180,"M. Eric SEMPERBONI",INDIVIDU,47,11.16,12.80
82180,"Mme Delphine JULIEN",INDIVIDU,47,11.16,12.80
82181,"Mme Marie-Dominique CHAPUS",INDIVIDU,105,62.50,87.50
82181,"M. Christophe CLUZET",INDIVIDU,104,61.90,86.66
82181,"Mme Audrey MOMÉJA",INDIVIDU,104,61.90,86.66
82181,"Mme Nathalie DELPECH",INDIVIDU,103,61.30,85.83
82181,"M. Willy BAILLEUL",INDIVIDU,102,60.71,85.00
82181,"M. Christophe BOISSEAU",INDIVIDU,102,60.71,85.00
82181,"M. Alain DELPECH",INDIVIDU,102,60.71,85.00
82181,"M. Bernard DAUBAS",INDIVIDU,96,57.14,80.00
82181,"M. Jacques QUARGENTAN",INDIVIDU,96,57.14,80.00
82181,"M. Gérard AZZINI",INDIVIDU,94,55.95,78.33
82181,"Mme Marie-Josée DUMEAUX",INDIVIDU,92,54.76,76.66
82182,"M. Philippe LAFAGE",INDIVIDU,185,62.28,70.07
82182,"M. Pierre SAINT LEGER",INDIVIDU,184,61.95,69.69
82182,"M. Denis SAVARIAUD",INDIVIDU,182,61.27,68.93
82182,"Mme Francine LAFUSTE",INDIVIDU,179,60.26,67.80
82182,"M. Michel FORASTE",INDIVIDU,174,58.58,65.90
82182,"M. Patrick CLAES",INDIVIDU,174,58.58,65.90
82182,"M. Bernard COUZINEAU",INDIVIDU,172,57.91,65.15
82182,"M. Alain PANISSIERES",INDIVIDU,172,57.91,65.15
82182,"Mme Chantal ROQUES",INDIVIDU,167,56.22,63.25
82182,"Mme Odette ROUCHY",INDIVIDU,167,56.22,63.25
82182,"M. Jean-Michel BARREAU",INDIVIDU,158,53.19,59.84
82182,"M. Alain COUDERC",INDIVIDU,100,33.67,37.87
82182,"Mme Bernadette ROUQUAT",INDIVIDU,98,32.99,37.12
82182,"M. Leo CARUSSI",INDIVIDU,98,32.99,37.12
82182,"M. Jean-Louis ROUGÉ",INDIVIDU,96,32.32,36.36
82182,"Mme Isabelle GENDRE",INDIVIDU,91,30.63,34.46
82182,"Mme Marie-Jeanne GRAS",INDIVIDU,90,30.30,34.09
82182,"M. Patrick VIAENE",INDIVIDU,87,29.29,32.95
82182,"M. Nean Paul STODDART",INDIVIDU,85,28.61,32.19
82182,"Mme Yolande CASSE",INDIVIDU,81,27.27,30.68
82183,"M. David LASVENES",INDIVIDU,137,65.55,77.40
82183,"Mme Danielle GISBERT",INDIVIDU,135,64.59,76.27
82183,"M. Régis ALBUGUES",INDIVIDU,134,64.11,75.70
82183,"M. Hervé QUET",INDIVIDU,123,58.85,69.49
82183,"Mme Véronique BESSIERES",INDIVIDU,122,58.37,68.92
82183,"Mme Laurence TOMEZAK",INDIVIDU,119,56.93,67.23
82183,"M. Philippe CHARBONNEL",INDIVIDU,117,55.98,66.10
82183,"M. Alain GABRIAC",INDIVIDU,116,55.50,65.53
82183,"Mme Marielle FILIPPI",INDIVIDU,112,53.58,63.27
82183,"M. Jean-Jacques CORRECH",INDIVIDU,111,53.11,62.71
82183,"M. Jean-Louis SABATIE",INDIVIDU,103,49.28,58.19
82183,"M. Pierre BOREL",INDIVIDU,99,47.36,55.93
82184,"M. Pierre RAEVEN",INDIVIDU,318,53.17,62.72
82184,"Mme Nathalie BANZATO",INDIVIDU,312,52.17,61.53
82184,"M. Francis DURBAN",INDIVIDU,312,52.17,61.53
82184,"M. Lionel COURTIN",INDIVIDU,312,52.17,61.53
82184,"M. Bernard CANE",INDIVIDU,310,51.83,61.14
82184,"M. Willy CASSAGNES",INDIVIDU,310,51.83,61.14
82184,"M. Jean-Pierre MEILLEURAT",INDIVIDU,302,50.50,59.56
82184,"M. Francis DELMAS",INDIVIDU,301,50.33,59.36
82184,"M. Joël BLANC",INDIVIDU,297,49.66,58.57
82184,"M. Michel BARBON",INDIVIDU,290,48.49,57.19
82184,"Mme Nathalie GAILLARD",INDIVIDU,287,47.99,56.60
82184,"Mme Patricia BAUDOUX",INDIVIDU,287,47.99,56.60
82184,"M. David ALEXIS",INDIVIDU,276,46.15,54.43
82184,"M. Pascal BROUSSE",INDIVIDU,266,44.48,52.46
82184,"Mme Stéphanie MAZUC",INDIVIDU,264,44.14,52.07
82184,"Mme Laetitia PAGES",INDIVIDU,214,35.78,42.20
82184,"Mme Sabine DELMAS",INDIVIDU,208,34.78,41.02
82184,"M. Jean-Louis THUBIERE",INDIVIDU,199,33.27,39.25
82184,"Mme Sylvie GAUTIER",INDIVIDU,198,33.11,39.05
82184,"M. Gilles RAUJOL",INDIVIDU,194,32.44,38.26
82184,"Mme Evelyne CAVAILLÉ",INDIVIDU,189,31.60,37.27
82184,"M. Bruno MENEGHETTI",INDIVIDU,187,31.27,36.88
82184,"Mme Elodie JORGE",INDIVIDU,184,30.76,36.29
82184,"Mme Maud MELARIN",INDIVIDU,183,30.60,36.09
82184,"M. Nicolas LANIES",INDIVIDU,183,30.60,36.09
82184,"Mme Pascale CASTEL",INDIVIDU,179,29.93,35.30
82184,"M. Serge BOISSET",INDIVIDU,174,29.09,34.31
82184,"M. Yvon LEMAIRE",INDIVIDU,172,28.76,33.92
82184,"M. Fabrice ROBAEYS",INDIVIDU,166,27.75,32.74
82184,"M. Christophe GIBERT",INDIVIDU,163,27.25,32.14
82184,"Mme Francine RIGAMBERT",INDIVIDU,81,13.54,15.97
82185,"Mme Mauricette VERNOIS",INDIVIDU,115,69.69,96.63
82185,"M. Nicolas DEVY",INDIVIDU,114,69.09,95.79
82185,"M. Nicolas DEGROOTE",INDIVIDU,114,69.09,95.79
82185,"M. Jean-Claude COUDRÉ",INDIVIDU,113,68.48,94.95
82185,"M. Éric DELPECH",INDIVIDU,112,67.87,94.11
82185,"Mme Marilyne DEBONO",INDIVIDU,112,67.87,94.11
82185,"M. Michel CREHEN",INDIVIDU,111,67.27,93.27
82185,"M. Alexandre BAYSSIERES",INDIVIDU,109,66.06,91.59
82185,"Mme Joëlle JARDOT",INDIVIDU,109,66.06,91.59
82185,"M. Michel ROUQUIER",INDIVIDU,109,66.06,91.59
82185,"M. Serge VASSAL",INDIVIDU,106,64.24,89.07
82186,"M. Jacques BOUSQUET",LDVG,1684,46.13,100.00
82187,"Mme Laure GROS",INDIVIDU,314,51.47,61.93
82187,"M. Jean-Luc ALET",INDIVIDU,310,50.81,61.14
82187,"M. Michel CERE",INDIVIDU,305,50.00,60.15
82187,"M. Daniel CANTALOUBE",INDIVIDU,303,49.67,59.76
82187,"M. Pierre HEBRARD",INDIVIDU,302,49.50,59.56
82187,"Mme Nadine BLOUCARD",INDIVIDU,301,49.34,59.36
82187,"M. Alain RICHARD",INDIVIDU,300,49.18,59.17
82187,"M. Claude CABARES",INDIVIDU,295,48.36,58.18
82187,"M. Serge ARDOUREL",INDIVIDU,286,46.88,56.41
82187,"M. Jean-Paul CARRERE",INDIVIDU,285,46.72,56.21
82187,"Mme Marie-Lucia SCOTT",INDIVIDU,280,45.90,55.22
82187,"M. Christian PERRISSIN-FABER",INDIVIDU,280,45.90,55.22
82187,"Mme Florence SERENE",INDIVIDU,275,45.08,54.24
82187,"M. André MASSAT",INDIVIDU,268,43.93,52.85
82187,"Mme Annick SCHICK",INDIVIDU,262,42.95,51.67
82187,"M. Pierre FAYRET",INDIVIDU,244,40.00,48.12
82187,"M. Bernard HEBRARD",INDIVIDU,232,38.03,45.75
82187,"Mme Claudie VILLARET",INDIVIDU,213,34.91,42.01
82187,"M. Gregory BOUZINAC",INDIVIDU,212,34.75,41.81
82187,"M. Jean-Michel COUSTILLIERES",INDIVIDU,211,34.59,41.61
82187,"M. Serge GOMEZ",INDIVIDU,209,34.26,41.22
82187,"M. Marcel PENARD",INDIVIDU,208,34.09,41.02
82187,"Mme Maryse COURONNE",INDIVIDU,205,33.60,40.43
82187,"M. Lucien GINESTOUS",INDIVIDU,202,33.11,39.84
82187,"M. Gilles ARDOUREL",INDIVIDU,202,33.11,39.84
82187,"Mme Patricia DELMON",INDIVIDU,200,32.78,39.44
82187,"M. Christophe TEIL",INDIVIDU,199,32.62,39.25
82187,"M. Jerome DALET",INDIVIDU,198,32.45,39.05
82187,"M. Arnaud CAVAILLE",INDIVIDU,198,32.45,39.05
82187,"M. Aurelien PRADO",INDIVIDU,181,29.67,35.70
82188,"M. Vincent PENDARIES",INDIVIDU,256,59.25,85.61
82188,"M. Antoine CARRASCO",INDIVIDU,254,58.79,84.94
82188,"M. Philippe SUZZONI",INDIVIDU,254,58.79,84.94
82188,"Mme Catherine CERLES",INDIVIDU,249,57.63,83.27
82188,"Mme Renée CASTELLA",INDIVIDU,248,57.40,82.94
82188,"M. Jérôme BUDZINSKI",INDIVIDU,247,57.17,82.60
82188,"M. Jean-Pascal VISENTIN",INDIVIDU,246,56.94,82.27
82188,"Mme Audrey DELGA",INDIVIDU,246,56.94,82.27
82188,"M. Michel LE DIGUERHER",INDIVIDU,246,56.94,82.27
82188,"Mme Caroline GAMBARA",INDIVIDU,243,56.25,81.27
82188,"M. Patrick GASC",INDIVIDU,238,55.09,79.59
82188,"M. David CUMERLATO",INDIVIDU,235,54.39,78.59
82188,"Mme Sandra BENNET",INDIVIDU,232,53.70,77.59
82188,"M. Alain ALBINET",INDIVIDU,226,52.31,75.58
82188,"Mme Katy ALVES",INDIVIDU,226,52.31,75.58
82188,"M. David ROUQUETTE",INDIVIDU,118,27.31,39.46
82189,"M. Sébastien DANEL",INDIVIDU,375,62.91,95.17
82189,"M. Jean GUTHMULLER",INDIVIDU,371,62.24,94.16
82189,"M. Benoit ARADES",INDIVIDU,369,61.91,93.65
82189,"M. Régis PLAZEN",INDIVIDU,369,61.91,93.65
82189,"Mme Malorie CHAMBERT",INDIVIDU,367,61.57,93.14
82189,"M. Alain VEYRAC",INDIVIDU,362,60.73,91.87
82189,"Mme Marie-Cécile BOYÉ",INDIVIDU,356,59.73,90.35
82189,"Mme Gisèle CAROTY",INDIVIDU,354,59.39,89.84
82189,"M. Maxime DELBOUIS",INDIVIDU,349,58.55,88.57
82189,"M. Patrick DAUCH",INDIVIDU,348,58.38,88.32
82189,"Mme Evelyne RIVIÈRE",INDIVIDU,348,58.38,88.32
82189,"M. Christian LESTRADE",INDIVIDU,347,58.22,88.07
82189,"Mme Karen PÉLISSIÉ",INDIVIDU,328,55.03,83.24
82189,"Mme Claudette LANDÉ",INDIVIDU,325,54.53,82.48
82189,"M. Joël BÉLY",INDIVIDU,307,51.51,77.91
82190,"M. Denis ROGER",LDVG,992,30.30,46.26
82190,"M. Philippe BOTKOVITZ",LDVG,1152,35.19,53.73
82191,"Mme Francette DENAYROLLES",INDIVIDU,218,66.46,89.71
82191,"M. Hubert KERSTENS",INDIVIDU,218,66.46,89.71
82191,"M. Jacques HEBRARD",INDIVIDU,214,65.24,88.06
82191,"M. Daniel DURAND",INDIVIDU,207,63.10,85.18
82191,"Mme Marie-Claude RICOUS-DAUVILLIERS",INDIVIDU,207,63.10,85.18
82191,"M. Fernand BAYLAC",INDIVIDU,206,62.80,84.77
82191,"M. Roger RAITIERE",INDIVIDU,201,61.28,82.71
82191,"M. Kevin SCRAGG",INDIVIDU,200,60.97,82.30
82191,"M. Benjamin MONCEL",INDIVIDU,192,58.53,79.01
82191,"Mme Anaïs RONDEAU",INDIVIDU,187,57.01,76.95
82191,"Mme Jacqueline OLSCHEWSKI-CURATO",INDIVIDU,180,54.87,74.07
82192,"M. Serge ARLANDES",INDIVIDU,271,67.58,84.68
82192,"Mme Sabine EMPTAZ",INDIVIDU,267,66.58,83.43
82192,"M. Jérémie COSTES",INDIVIDU,267,66.58,83.43
82192,"Mme Sarah MIKAILOFF",INDIVIDU,262,65.33,81.87
82192,"M. Richard LAURENS",INDIVIDU,259,64.58,80.93
82192,"M. Jean-Marc COLIN",INDIVIDU,258,64.33,80.62
82192,"Mme Magalie PEZOUS",INDIVIDU,258,64.33,80.62
82192,"M. Francis CALMETTES",INDIVIDU,247,61.59,77.18
82192,"M. Angélo CABIANCA",INDIVIDU,237,59.10,74.06
82192,"M. Michel REGAMBERT",INDIVIDU,226,56.35,70.62
82192,"Mme Sandra REGAMBERT",INDIVIDU,219,54.61,68.43
82192,"M. Jean-François GRILHAULT DES FONTAINES",INDIVIDU,137,34.16,42.81
82193,"M. Louis DELZERS",INDIVIDU,88,75.86,91.66
82193,"M. Thierry SANCHO",INDIVIDU,87,75.00,90.62
82193,"M. Franck LACROIX",INDIVIDU,87,75.00,90.62
82193,"Mme Pierrette GALLINA",INDIVIDU,85,73.27,88.54
82193,"Mme Celine LAGARDERE",INDIVIDU,83,71.55,86.45
82193,"Mme Charlette FORTUNE",INDIVIDU,82,70.68,85.41
82193,"M. Arnaud FOURQUIER",INDIVIDU,81,69.82,84.37
82193,"M. Raymond COUDERC",INDIVIDU,81,69.82,84.37
82193,"Mme Fabienne BEQUIE",INDIVIDU,80,68.96,83.33
82193,"M. Michel DELBREIL",INDIVIDU,80,68.96,83.33
82193,"Mme Audrey SANCHEZ",INDIVIDU,79,68.10,82.29
82194,"M. Jean-Louis MARTY",LSOC,438,48.50,100.00
82195,"M. André BROUSSE-BOURNET",INDIVIDU,405,67.16,97.59
82195,"Mme Catherine DELMONT",INDIVIDU,399,66.16,96.14
82195,"M. Philippe AVIAT",INDIVIDU,395,65.50,95.18
82195,"Mme Corinne LACOMBE",INDIVIDU,395,65.50,95.18
82195,"M. David AYMÉ",INDIVIDU,394,65.33,94.93
82195,"M. Yannick VIDAL",INDIVIDU,392,65.00,94.45
82195,"Mme Anne GIRET",INDIVIDU,391,64.84,94.21
82195,"M. Francis LABRUYERE",INDIVIDU,390,64.67,93.97
82195,"M. Christian PEYRETOUT",INDIVIDU,385,63.84,92.77
82195,"Mme Sylvaine MASURIER",INDIVIDU,383,63.51,92.28
82195,"Mme Jocelyne LASGUES",INDIVIDU,382,63.34,92.04
82195,"M. David DEMEURS",INDIVIDU,377,62.52,90.84
82195,"Mme Marie-Christine MOULIS",INDIVIDU,374,62.02,90.12
82195,"M. Roger CATUSSE",INDIVIDU,373,61.85,89.87
82195,"M. Michel BARET",INDIVIDU,346,57.37,83.37
